r 0.54659 0.45405 0.30011 0.47555 0.66659 0.57405 0.42011 0.59555 0.12
r 0.47587 0.59910 0.71947 0.48481 0.51587 0.63910 0.75947 0.52481 0.04
r 0.61954 0.40173 0.58101 0.54246 0.73954 0.52173 0.70101 0.66246 0.12
r 0.31373 0.58573 0.56279 0.53895 0.39373 0.66573 0.64279 0.61895 0.08
r 0.75029 0.39468 0.55158 0.39439 0.79029 0.43468 0.59158 0.43439 0.04
r 0.42338 0.29933 0.66456 0.44031 0.58338 0.45933 0.82456 0.60032 0.16
r 0.32991 0.66545 0.44298 0.56081 0.48991 0.82545 0.60297 0.72081 0.16
r 0.50288 0.59981 0.35781 0.51880 0.62288 0.71981 0.47781 0.63880 0.12
r 0.51646 0.55066 0.53681 0.38839 0.67646 0.71066 0.69681 0.54839 0.16
r 0.45118 0.71573 0.37459 0.51306 0.53118 0.79573 0.45459 0.59306 0.08
r 0.60702 0.53934 0.44953 0.46152 0.64702 0.57934 0.48953 0.50152 0.04
r 0.39251 0.48073 0.68357 0.58273 0.47251 0.56073 0.76357 0.66273 0.08
r 0.44923 0.50033 0.36041 0.38646 0.56924 0.62033 0.48041 0.50646 0.12
r 0.52577 0.69343 0.55745 0.42365 0.60577 0.77343 0.63745 0.50365 0.08
r 0.61768 0.57429 0.53443 0.44084 0.77768 0.73429 0.69443 0.60084 0.16
r 0.47764 0.48467 0.60677 0.49122 0.59764 0.60467 0.72677 0.61122 0.12
r 0.51184 0.27298 0.40074 0.57698 0.63183 0.39298 0.52074 0.69698 0.12
r 0.60720 0.49435 0.57584 0.49938 0.72720 0.61435 0.69584 0.61938 0.12
r 0.48654 0.49938 0.34567 0.44671 0.56654 0.57938 0.42567 0.52671 0.08
r 0.37376 0.42756 0.45420 0.40015 0.49376 0.54756 0.57420 0.52015 0.12
r 0.61978 0.44287 0.44327 0.47621 0.69978 0.52287 0.52327 0.55621 0.08
r 0.45832 0.42532 0.58761 0.44827 0.61832 0.58532 0.74761 0.60827 0.16
r 0.38536 0.39920 0.49057 0.36814 0.46536 0.47920 0.57057 0.44813 0.08
r 0.59462 0.51308 0.48451 0.61072 0.63462 0.55308 0.52451 0.65072 0.04
r 0.38032 0.47227 0.49848 0.60715 0.46032 0.55227 0.57848 0.68715 0.08
r 0.34840 0.38905 0.50678 0.44265 0.42840 0.46905 0.58678 0.52265 0.08
r 0.41783 0.63058 0.47672 0.55625 0.53783 0.75058 0.59672 0.67625 0.12
r 0.36209 0.43872 0.45697 0.60417 0.52209 0.59872 0.61697 0.76417 0.16
r 0.54468 0.65046 0.41248 0.67000 0.58468 0.69046 0.45248 0.71000 0.04
r 0.71796 0.73618 0.51289 0.45781 0.83796 0.85618 0.63289 0.57781 0.12
r 0.57068 0.57992 0.72309 0.58721 0.65068 0.65992 0.80309 0.66721 0.08
r 0.47885 0.36848 0.33940 0.39569 0.59885 0.48848 0.45940 0.51569 0.12
r 0.49899 0.60938 0.61680 0.55367 0.53899 0.64938 0.65680 0.59367 0.04
r 0.72202 0.53085 0.38826 0.48702 0.88202 0.69085 0.54826 0.64702 0.16
r 0.47969 0.53777 0.39761 0.59422 0.51969 0.57777 0.43761 0.63422 0.04
r 0.37843 0.36197 0.35931 0.56567 0.53843 0.52197 0.51931 0.72567 0.16
r 0.46382 0.55512 0.36826 0.61931 0.58382 0.67512 0.48826 0.73931 0.12
r 0.40290 0.42591 0.57060 0.42366 0.44290 0.46591 0.61060 0.46366 0.04
r 0.67546 0.55398 0.53336 0.59739 0.75546 0.63398 0.61336 0.67739 0.08
r 0.58022 0.52060 0.23731 0.32856 0.70022 0.64060 0.35731 0.44856 0.12
r 0.46393 0.45742 0.65391 0.60430 0.54393 0.53741 0.73391 0.68430 0.08
r 0.64465 0.52579 0.58977 0.61982 0.68465 0.56579 0.62977 0.65982 0.04
r 0.58755 0.61758 0.60300 0.52958 0.74755 0.77758 0.76300 0.68958 0.16
r 0.70560 0.43274 0.50945 0.55266 0.86560 0.59274 0.66945 0.71266 0.16
r 0.32588 0.46272 0.70716 0.64937 0.36588 0.50272 0.74716 0.68937 0.04
r 0.57491 0.65710 0.48499 0.38937 0.61492 0.69710 0.52499 0.42937 0.04
r 0.39999 0.36866 0.49128 0.50558 0.51999 0.48866 0.61128 0.62558 0.12
r 0.36504 0.76294 0.44598 0.54554 0.44504 0.84294 0.52598 0.62554 0.08
r 0.37993 0.27010 0.39236 0.57922 0.53993 0.43010 0.55236 0.73922 0.16
r 0.49007 0.47363 0.57226 0.38602 0.57007 0.55363 0.65226 0.46602 0.08
r 0.56757 0.44334 0.55475 0.41466 0.68757 0.56334 0.67475 0.53466 0.12
r 0.50859 0.53498 0.59082 0.47325 0.58859 0.61498 0.67082 0.55325 0.08
r 0.60361 0.54365 0.63489 0.48660 0.64361 0.58365 0.67489 0.52660 0.04
r 0.49197 0.58100 0.62386 0.53226 0.53197 0.62100 0.66386 0.57226 0.04
r 0.56697 0.65175 0.51718 0.38683 0.60697 0.69175 0.55718 0.42683 0.04
r 0.54914 0.41811 0.43817 0.52353 0.58914 0.45811 0.47817 0.56353 0.04
r 0.42540 0.60706 0.55304 0.50637 0.54540 0.72706 0.67304 0.62637 0.12
r 0.42432 0.50165 0.46253 0.51534 0.54432 0.62165 0.58253 0.63534 0.12
r 0.28232 0.54533 0.56139 0.70421 0.44232 0.70533 0.72139 0.86421 0.16
r 0.44655 0.34093 0.53656 0.35721 0.56655 0.46093 0.65656 0.47721 0.12
r 0.42753 0.53351 0.59588 0.48141 0.54753 0.65351 0.71588 0.60141 0.12
r 0.65050 0.47157 0.46610 0.64626 0.69050 0.51157 0.50610 0.68626 0.04
r 0.45766 0.57271 0.40127 0.35997 0.49766 0.61271 0.44127 0.39997 0.04
r 0.56186 0.62245 0.44484 0.44382 0.68186 0.74245 0.56484 0.56382 0.12
r 0.47578 0.42500 0.33328 0.42253 0.55578 0.50500 0.41328 0.50253 0.08
r 0.36497 0.64768 0.58995 0.59170 0.48497 0.76768 0.70995 0.71169 0.12
r 0.68955 0.67347 0.57672 0.50013 0.84955 0.83347 0.73672 0.66013 0.16
r 0.44810 0.62524 0.41789 0.71253 0.60810 0.78524 0.57789 0.87253 0.16
r 0.56893 0.52075 0.51480 0.53248 0.68893 0.64075 0.63480 0.65248 0.12
r 0.44322 0.38908 0.60467 0.52356 0.60322 0.54908 0.76467 0.68355 0.16
r 0.61404 0.51116 0.49561 0.47200 0.69404 0.59116 0.57561 0.55200 0.08
r 0.48751 0.49987 0.39307 0.25518 0.52751 0.53987 0.43307 0.29518 0.04
r 0.44903 0.39432 0.57982 0.46414 0.52903 0.47432 0.65982 0.54414 0.08
r 0.52679 0.39318 0.37758 0.64715 0.68679 0.55318 0.53758 0.80715 0.16
r 0.59981 0.49879 0.49715 0.61443 0.63981 0.53879 0.53715 0.65443 0.04
r 0.51073 0.50024 0.41079 0.46842 0.67073 0.66025 0.57079 0.62842 0.16
r 0.49133 0.34494 0.57305 0.51439 0.65133 0.50494 0.73305 0.67439 0.16
r 0.42394 0.41179 0.35190 0.41849 0.50394 0.49179 0.43190 0.49849 0.08
r 0.48170 0.33060 0.57506 0.68885 0.64170 0.49060 0.73506 0.84885 0.16
r 0.55095 0.36263 0.49127 0.48236 0.63095 0.44263 0.57127 0.56236 0.08
r 0.62359 0.74828 0.62849 0.43983 0.74359 0.86828 0.74849 0.55983 0.12
r 0.34878 0.49586 0.48603 0.67165 0.50878 0.65586 0.64603 0.83165 0.16
r 0.59171 0.58644 0.82316 0.64586 0.71171 0.70644 0.94316 0.76586 0.12
r 0.53384 0.58841 0.30217 0.47413 0.65384 0.70841 0.42217 0.59413 0.12
r 0.55356 0.43248 0.48419 0.57434 0.63356 0.51248 0.56419 0.65434 0.08
r 0.40490 0.44017 0.42710 0.56560 0.56490 0.60017 0.58710 0.72560 0.16
r 0.44148 0.42997 0.40521 0.56853 0.60148 0.58997 0.56521 0.72853 0.16
r 0.44583 0.40961 0.50665 0.50139 0.60583 0.56961 0.66665 0.66139 0.16
r 0.48097 0.55219 0.46287 0.55049 0.56097 0.63219 0.54287 0.63049 0.08
r 0.68439 0.53703 0.65527 0.51233 0.84439 0.69703 0.81528 0.67233 0.16
r 0.70408 0.43691 0.62384 0.42519 0.82408 0.55691 0.74384 0.54519 0.12
r 0.32925 0.57696 0.65497 0.36839 0.44925 0.69696 0.77497 0.48839 0.12
r 0.35098 0.44329 0.43130 0.56073 0.39098 0.48329 0.47130 0.60072 0.04
r 0.34146 0.59754 0.61055 0.65402 0.50146 0.75754 0.77055 0.81402 0.16
r 0.63602 0.52512 0.43946 0.37284 0.79602 0.68512 0.59945 0.53284 0.16
r 0.48842 0.52168 0.45901 0.62854 0.60842 0.64168 0.57901 0.74854 0.12
r 0.45216 0.57267 0.41959 0.60464 0.61216 0.73267 0.57959 0.76464 0.16
r 0.51998 0.49190 0.47989 0.61619 0.59998 0.57190 0.55989 0.69619 0.08
r 0.52442 0.58486 0.59485 0.36490 0.68442 0.74486 0.75485 0.52490 0.16
r 0.64476 0.49224 0.65386 0.56816 0.80476 0.65224 0.81386 0.72816 0.16
r 0.47218 0.40327 0.31582 0.77201 0.63218 0.56327 0.47582 0.93201 0.16
r 0.34133 0.69526 0.37511 0.52410 0.42133 0.77526 0.45511 0.60410 0.08
r 0.53403 0.70984 0.42014 0.53486 0.69403 0.86984 0.58014 0.69486 0.16
r 0.60587 0.52829 0.52968 0.48998 0.64587 0.56829 0.56968 0.52997 0.04
r 0.60898 0.36549 0.28447 0.40462 0.68898 0.44549 0.36447 0.48462 0.08
r 0.45230 0.52817 0.49041 0.49641 0.49230 0.56817 0.53041 0.53641 0.04
r 0.54211 0.32378 0.36870 0.54575 0.70211 0.48378 0.52870 0.70575 0.16
r 0.49875 0.38482 0.49502 0.52216 0.61875 0.50482 0.61502 0.64216 0.12
r 0.53136 0.55385 0.54270 0.46809 0.69136 0.71385 0.70270 0.62809 0.16
r 0.54166 0.64057 0.64032 0.39909 0.62166 0.72057 0.72032 0.47909 0.08
r 0.37967 0.29278 0.48813 0.41514 0.53967 0.45278 0.64813 0.57514 0.16
r 0.62310 0.58856 0.52196 0.63538 0.78310 0.74856 0.68196 0.79538 0.16
r 0.25820 0.71598 0.52103 0.63035 0.29820 0.75598 0.56103 0.67035 0.04
r 0.46738 0.40466 0.42598 0.51306 0.54738 0.48466 0.50598 0.59306 0.08
r 0.45316 0.51075 0.32225 0.71096 0.53316 0.59075 0.40225 0.79096 0.08
r 0.37010 0.44837 0.65772 0.51948 0.53010 0.60837 0.81772 0.67948 0.16
r 0.30410 0.55188 0.62926 0.48364 0.38410 0.63188 0.70926 0.56364 0.08
r 0.56703 0.45736 0.47907 0.53942 0.64703 0.53736 0.55907 0.61942 0.08
r 0.59776 0.40195 0.41860 0.45386 0.75776 0.56195 0.57860 0.61386 0.16
r 0.49462 0.54566 0.56980 0.60430 0.65462 0.70565 0.72980 0.76430 0.16
r 0.71041 0.29753 0.40714 0.46871 0.87041 0.45753 0.56714 0.62871 0.16
r 0.56961 0.72529 0.63914 0.41488 0.68961 0.84529 0.75914 0.53488 0.12
r 0.37086 0.52996 0.62998 0.46883 0.41086 0.56996 0.66998 0.50883 0.04
r 0.49352 0.51237 0.43331 0.62202 0.61352 0.63237 0.55331 0.74203 0.12
r 0.46628 0.65101 0.56176 0.38800 0.58628 0.77101 0.68176 0.50800 0.12
r 0.39211 0.72139 0.44484 0.39980 0.55211 0.88139 0.60484 0.55980 0.16
r 0.56088 0.50396 0.57473 0.52475 0.68088 0.62396 0.69473 0.64475 0.12
r 0.59871 0.61324 0.51851 0.58817 0.75871 0.77324 0.67851 0.74817 0.16
r 0.55107 0.60372 0.48142 0.41201 0.59107 0.64372 0.52142 0.45200 0.04
r 0.60365 0.24375 0.30014 0.43616 0.76365 0.40375 0.46014 0.59616 0.16
r 0.47257 0.39804 0.36641 0.57247 0.51257 0.43804 0.40641 0.61247 0.04
r 0.36834 0.37417 0.60107 0.66388 0.40834 0.41417 0.64107 0.70388 0.04
r 0.28003 0.26903 0.35678 0.48033 0.36003 0.34903 0.43678 0.56033 0.08
r 0.41855 0.66101 0.64089 0.44021 0.49855 0.74101 0.72089 0.52021 0.08
r 0.36029 0.56832 0.49820 0.53413 0.48029 0.68832 0.61820 0.65413 0.12
r 0.52289 0.54919 0.43148 0.58677 0.68289 0.70919 0.59148 0.74677 0.16
r 0.50690 0.58331 0.65118 0.51898 0.54690 0.62331 0.69118 0.55898 0.04
r 0.48104 0.59171 0.53458 0.52884 0.60104 0.71171 0.65458 0.64884 0.12
r 0.52905 0.42157 0.33203 0.56993 0.64905 0.54157 0.45203 0.68993 0.12
r 0.56318 0.56276 0.48852 0.53331 0.60318 0.60276 0.52852 0.57331 0.04
r 0.45309 0.37218 0.51154 0.67308 0.57309 0.49218 0.63154 0.79308 0.12
r 0.47942 0.55249 0.61367 0.51468 0.63942 0.71250 0.77367 0.67468 0.16
r 0.50495 0.55685 0.71592 0.47783 0.54495 0.59685 0.75592 0.51783 0.04
r 0.39908 0.74085 0.60617 0.43038 0.51908 0.86085 0.72617 0.55038 0.12
r 0.54036 0.59423 0.42276 0.42894 0.58036 0.63423 0.46276 0.46894 0.04
r 0.55053 0.46475 0.38919 0.49485 0.63053 0.54475 0.46919 0.57485 0.08
r 0.49671 0.50131 0.69691 0.28852 0.65671 0.66131 0.85691 0.44852 0.16
r 0.64518 0.46175 0.53379 0.51341 0.68518 0.50175 0.57379 0.55341 0.04
r 0.47936 0.47591 0.25926 0.31269 0.59936 0.59591 0.37926 0.43269 0.12
r 0.44671 0.47139 0.44150 0.39552 0.56671 0.59139 0.56150 0.51552 0.12
r 0.36358 0.50109 0.77429 0.58215 0.40358 0.54109 0.81429 0.62215 0.04
r 0.45594 0.58150 0.45985 0.43199 0.53594 0.66150 0.53985 0.51199 0.08
r 0.64098 0.47927 0.66594 0.48033 0.76098 0.59927 0.78595 0.60033 0.12
r 0.58034 0.33946 0.52295 0.55258 0.70034 0.45946 0.64295 0.67258 0.12
r 0.35961 0.35942 0.41827 0.59923 0.51961 0.51942 0.57827 0.75923 0.16
r 0.35311 0.63308 0.55824 0.39880 0.39311 0.67308 0.59824 0.43880 0.04
r 0.54142 0.50229 0.48395 0.67078 0.58142 0.54229 0.52395 0.71078 0.04
r 0.49062 0.58159 0.48729 0.55467 0.57062 0.66159 0.56729 0.63467 0.08
r 0.47261 0.55772 0.53428 0.55899 0.51261 0.59772 0.57428 0.59899 0.04
r 0.63620 0.43742 0.22624 0.37446 0.67620 0.47742 0.26624 0.41446 0.04
r 0.65621 0.65486 0.44410 0.67276 0.77621 0.77486 0.56410 0.79276 0.12
r 0.64724 0.55965 0.51922 0.59311 0.72724 0.63965 0.59922 0.67311 0.08
r 0.41051 0.53819 0.50544 0.57564 0.45051 0.57819 0.54544 0.61564 0.04
r 0.50521 0.54018 0.55459 0.53657 0.62521 0.66018 0.67459 0.65657 0.12
r 0.43512 0.46076 0.55531 0.44191 0.55512 0.58076 0.67531 0.56191 0.12
r 0.58711 0.48630 0.48933 0.57771 0.62711 0.52630 0.52933 0.61771 0.04
r 0.48231 0.57492 0.42019 0.35569 0.60231 0.69492 0.54019 0.47569 0.12
r 0.61934 0.55501 0.45846 0.75592 0.77934 0.71501 0.61846 0.91592 0.16
r 0.40451 0.47931 0.44173 0.59035 0.52451 0.59931 0.56173 0.71035 0.12
r 0.64300 0.57067 0.60492 0.45868 0.72300 0.65067 0.68492 0.53868 0.08
r 0.49076 0.43488 0.40999 0.54838 0.65076 0.59488 0.56999 0.70838 0.16
r 0.58492 0.42493 0.35490 0.71031 0.62492 0.46493 0.39490 0.75031 0.04
r 0.33054 0.51728 0.29477 0.43912 0.45054 0.63728 0.41477 0.55912 0.12
r 0.39553 0.44268 0.33760 0.59392 0.47553 0.52268 0.41760 0.67392 0.08
r 0.36667 0.57622 0.48990 0.57406 0.48667 0.69622 0.60990 0.69406 0.12
r 0.52677 0.52964 0.41807 0.40365 0.60677 0.60964 0.49807 0.48364 0.08
r 0.22182 0.46345 0.54613 0.67251 0.38182 0.62345 0.70613 0.83251 0.16
r 0.48197 0.50337 0.61722 0.35204 0.60197 0.62337 0.73722 0.47204 0.12
r 0.56228 0.45725 0.59623 0.62086 0.60229 0.49725 0.63623 0.66086 0.04
r 0.66722 0.57037 0.50373 0.43107 0.74722 0.65037 0.58373 0.51107 0.08
r 0.52053 0.49359 0.52166 0.48578 0.56053 0.53359 0.56166 0.52578 0.04
r 0.73224 0.51284 0.61191 0.42333 0.81224 0.59284 0.69191 0.50333 0.08
r 0.40888 0.43214 0.54980 0.51288 0.56888 0.59214 0.70980 0.67289 0.16
r 0.49259 0.47160 0.36773 0.55560 0.57259 0.55160 0.44773 0.63560 0.08
r 0.47952 0.47538 0.78845 0.49773 0.63952 0.63538 0.94845 0.65773 0.16
r 0.62755 0.45467 0.59180 0.34161 0.70755 0.53467 0.67180 0.42161 0.08
r 0.51890 0.74893 0.56136 0.53609 0.67890 0.90893 0.72136 0.69609 0.16
r 0.48596 0.23462 0.29538 0.51342 0.60595 0.35462 0.41538 0.63342 0.12
r 0.45584 0.45569 0.52696 0.68623 0.61584 0.61569 0.68696 0.84623 0.16
r 0.49436 0.60153 0.52761 0.52550 0.65436 0.76153 0.68761 0.68550 0.16
r 0.55802 0.58538 0.66446 0.64540 0.63802 0.66538 0.74446 0.72540 0.08
r 0.47329 0.61442 0.42267 0.40042 0.51329 0.65442 0.46267 0.44042 0.04
r 0.29511 0.51366 0.55897 0.40997 0.45511 0.67366 0.71897 0.56997 0.16
r 0.53718 0.30562 0.40529 0.74306 0.65718 0.42562 0.52529 0.86306 0.12
r 0.63500 0.38898 0.61069 0.58615 0.71500 0.46898 0.69069 0.66615 0.08
r 0.52567 0.57206 0.52466 0.54197 0.64567 0.69206 0.64466 0.66197 0.12
r 0.57857 0.30238 0.51323 0.56970 0.73857 0.46238 0.67323 0.72970 0.16
r 0.52755 0.50554 0.55551 0.40180 0.56755 0.54554 0.59551 0.44180 0.04
r 0.49842 0.43506 0.47952 0.49278 0.65842 0.59506 0.63952 0.65278 0.16
r 0.34553 0.37779 0.55838 0.48473 0.50553 0.53779 0.71838 0.64473 0.16
r 0.56517 0.57710 0.38776 0.39877 0.64517 0.65710 0.46776 0.47877 0.08
r 0.42408 0.42771 0.45593 0.67721 0.50408 0.50771 0.53593 0.75721 0.08
r 0.50437 0.37750 0.29946 0.56911 0.54437 0.41750 0.33946 0.60911 0.04
r 0.41374 0.50529 0.39549 0.52892 0.49374 0.58529 0.47549 0.60892 0.08
r 0.47671 0.62365 0.48898 0.82496 0.51671 0.66365 0.52898 0.86496 0.04
r 0.53111 0.55362 0.69989 0.58311 0.57111 0.59362 0.73989 0.62311 0.04
r 0.52457 0.32745 0.43530 0.67968 0.56457 0.36745 0.47530 0.71968 0.04
r 0.53290 0.50192 0.38131 0.51648 0.61290 0.58192 0.46131 0.59648 0.08
r 0.33747 0.30375 0.49173 0.38999 0.45747 0.42375 0.61173 0.50999 0.12
r 0.47838 0.48094 0.61155 0.54535 0.51838 0.52094 0.65155 0.58535 0.04
r 0.40199 0.42880 0.44817 0.39315 0.52199 0.54880 0.56817 0.51315 0.12
r 0.42578 0.43410 0.35329 0.52012 0.54578 0.55410 0.47329 0.64012 0.12
r 0.44534 0.35589 0.49566 0.56160 0.48534 0.39589 0.53566 0.60160 0.04
r 0.41913 0.58879 0.51869 0.32159 0.45913 0.62879 0.55868 0.36159 0.04
r 0.50422 0.47246 0.60068 0.32358 0.58422 0.55246 0.68068 0.40358 0.08
r 0.63863 0.44238 0.60567 0.38616 0.71863 0.52238 0.68567 0.46616 0.08
r 0.48483 0.29801 0.67550 0.70463 0.64483 0.45801 0.83551 0.86463 0.16
r 0.62477 0.29037 0.62624 0.52038 0.66477 0.33037 0.66624 0.56038 0.04
r 0.44512 0.50648 0.31874 0.52680 0.52512 0.58648 0.39874 0.60681 0.08
r 0.68351 0.61877 0.34782 0.54105 0.84351 0.77877 0.50782 0.70105 0.16
r 0.51759 0.27260 0.62067 0.25000 0.63759 0.39260 0.74068 0.37000 0.12
r 0.20409 0.43252 0.43936 0.50206 0.24409 0.47252 0.47936 0.54206 0.04
r 0.70377 0.44252 0.45397 0.44484 0.78377 0.52252 0.53397 0.52484 0.08
r 0.64088 0.45779 0.48985 0.47626 0.68088 0.49779 0.52985 0.51626 0.04
r 0.65403 0.69707 0.44093 0.66295 0.81403 0.85707 0.60093 0.82295 0.16
r 0.58914 0.54412 0.52685 0.78157 0.70914 0.66411 0.64685 0.90157 0.12
r 0.43114 0.44072 0.63649 0.36905 0.59114 0.60072 0.79649 0.52905 0.16
r 0.48758 0.51995 0.67584 0.38444 0.64758 0.67995 0.83584 0.54444 0.16
r 0.55216 0.53672 0.52905 0.51097 0.71216 0.69672 0.68905 0.67097 0.16
r 0.40394 0.77847 0.51955 0.46997 0.56394 0.93847 0.67955 0.62997 0.16
r 0.68381 0.46288 0.47039 0.43478 0.80381 0.58288 0.59039 0.55478 0.12
r 0.67729 0.53919 0.39060 0.39361 0.79729 0.65919 0.51060 0.51361 0.12
r 0.47919 0.46608 0.62018 0.48992 0.63919 0.62608 0.78018 0.64992 0.16
r 0.53199 0.49458 0.47262 0.62588 0.69199 0.65458 0.63262 0.78588 0.16
r 0.56951 0.35706 0.40510 0.43235 0.64951 0.43706 0.48510 0.51235 0.08
r 0.50972 0.38803 0.37594 0.58121 0.62972 0.50803 0.49593 0.70121 0.12
r 0.55118 0.53550 0.50155 0.37432 0.63118 0.61550 0.58155 0.45432 0.08
r 0.60674 0.54680 0.49827 0.46223 0.64674 0.58680 0.53827 0.50223 0.04
r 0.54751 0.37814 0.42435 0.58393 0.62751 0.45814 0.50435 0.66393 0.08
r 0.51204 0.48832 0.53373 0.42353 0.63204 0.60832 0.65373 0.54353 0.12
r 0.40930 0.41052 0.49964 0.61531 0.48930 0.49052 0.57964 0.69531 0.08
r 0.54730 0.41896 0.63105 0.63824 0.58730 0.45896 0.67105 0.67824 0.04
r 0.43406 0.53956 0.52808 0.61929 0.59406 0.69956 0.68808 0.77929 0.16
r 0.54747 0.54419 0.32032 0.51685 0.70747 0.70419 0.48032 0.67685 0.16
r 0.43464 0.45989 0.59818 0.29997 0.47464 0.49989 0.63818 0.33997 0.04
r 0.51419 0.45716 0.40220 0.55239 0.59419 0.53716 0.48220 0.63239 0.08
r 0.44080 0.64820 0.54941 0.66219 0.48080 0.68820 0.58941 0.70219 0.04
r 0.48149 0.34817 0.67002 0.48704 0.56149 0.42817 0.75002 0.56704 0.08
r 0.57561 0.67910 0.50968 0.54071 0.73561 0.83910 0.66968 0.70071 0.16
r 0.45611 0.74176 0.50226 0.70748 0.49612 0.78176 0.54226 0.74748 0.04
r 0.54325 0.47754 0.49397 0.62105 0.70325 0.63754 0.65397 0.78105 0.16
r 0.60394 0.61032 0.42792 0.47463 0.64394 0.65032 0.46792 0.51463 0.04
r 0.39767 0.62025 0.48159 0.61368 0.51767 0.74025 0.60159 0.73368 0.12
r 0.62750 0.54584 0.50751 0.61703 0.70750 0.62584 0.58751 0.69703 0.08
r 0.48733 0.41906 0.63161 0.46662 0.64733 0.57906 0.79161 0.62662 0.16
r 0.47094 0.56920 0.57776 0.48944 0.59094 0.68920 0.69776 0.60944 0.12
r 0.48710 0.61100 0.60140 0.46138 0.60710 0.73100 0.72140 0.58138 0.12
r 0.60131 0.61742 0.39341 0.49341 0.68131 0.69742 0.47341 0.57341 0.08
r 0.46997 0.43742 0.47169 0.47429 0.58997 0.55742 0.59169 0.59429 0.12
r 0.45859 0.36436 0.44081 0.46238 0.49860 0.40436 0.48081 0.50238 0.04
r 0.34026 0.58259 0.38387 0.39275 0.42026 0.66259 0.46387 0.47275 0.08
r 0.31994 0.44941 0.40743 0.49512 0.39994 0.52941 0.48743 0.57512 0.08
r 0.52037 0.40315 0.49817 0.64553 0.64037 0.52315 0.61817 0.76553 0.12
r 0.49715 0.47149 0.61588 0.43114 0.65715 0.63150 0.77588 0.59114 0.16
r 0.55912 0.66926 0.49583 0.43595 0.67912 0.78926 0.61583 0.55595 0.12
r 0.40555 0.63362 0.45739 0.61899 0.56555 0.79362 0.61739 0.77899 0.16
r 0.42802 0.61294 0.55443 0.53660 0.46802 0.65294 0.59443 0.57660 0.04
r 0.45083 0.43275 0.46882 0.39233 0.53083 0.51275 0.54882 0.47233 0.08
r 0.66600 0.36333 0.53683 0.63205 0.78600 0.48333 0.65683 0.75205 0.12
r 0.57731 0.64723 0.35468 0.60690 0.69731 0.76723 0.47468 0.72690 0.12
r 0.54814 0.62543 0.63286 0.31720 0.70814 0.78543 0.79286 0.47720 0.16
r 0.49941 0.28871 0.47268 0.56677 0.57941 0.36871 0.55268 0.64677 0.08
r 0.30265 0.29941 0.63273 0.57220 0.46265 0.45941 0.79273 0.73220 0.16
r 0.18618 0.57064 0.47952 0.43287 0.34618 0.73064 0.63952 0.59287 0.16
r 0.44991 0.41164 0.70808 0.57474 0.52991 0.49164 0.78808 0.65474 0.08
r 0.51872 0.55467 0.50806 0.77897 0.63873 0.67467 0.62806 0.89897 0.12
r 0.46850 0.65792 0.49727 0.39482 0.58850 0.77792 0.61727 0.51482 0.12
r 0.68244 0.52661 0.71916 0.42845 0.76244 0.60661 0.79916 0.50845 0.08
r 0.34227 0.50201 0.58969 0.59497 0.50227 0.66201 0.74969 0.75497 0.16
r 0.40611 0.51147 0.66083 0.68956 0.48611 0.59147 0.74083 0.76956 0.08
r 0.57294 0.52036 0.46041 0.62864 0.65294 0.60036 0.54041 0.70864 0.08
r 0.35281 0.37699 0.45622 0.50022 0.39281 0.41699 0.49622 0.54022 0.04
r 0.35949 0.63207 0.69741 0.50486 0.39949 0.67207 0.73741 0.54486 0.04
r 0.36611 0.37931 0.42514 0.58748 0.44611 0.45931 0.50514 0.66748 0.08
r 0.36118 0.38853 0.47047 0.66908 0.48118 0.50853 0.59047 0.78908 0.12
r 0.31442 0.53018 0.51211 0.44699 0.43442 0.65018 0.63211 0.56699 0.12
r 0.56372 0.46067 0.36558 0.44960 0.68372 0.58067 0.48558 0.56960 0.12
r 0.45988 0.47968 0.40092 0.54859 0.61988 0.63968 0.56092 0.70859 0.16
r 0.47259 0.53959 0.52174 0.52950 0.55259 0.61959 0.60174 0.60950 0.08
r 0.63834 0.29790 0.47186 0.47594 0.67834 0.33790 0.51186 0.51594 0.04
r 0.43224 0.71731 0.27037 0.69023 0.55224 0.83731 0.39037 0.81023 0.12
r 0.48312 0.56606 0.58374 0.69919 0.56312 0.64606 0.66374 0.77919 0.08
r 0.39746 0.63947 0.42965 0.58681 0.51746 0.75947 0.54965 0.70681 0.12
r 0.46621 0.49741 0.39199 0.41342 0.62621 0.65741 0.55199 0.57342 0.16
r 0.48901 0.38385 0.42972 0.62391 0.64901 0.54385 0.58972 0.78391 0.16
r 0.46046 0.73230 0.61796 0.66620 0.58046 0.85229 0.73796 0.78619 0.12
r 0.51043 0.46806 0.37322 0.76136 0.63043 0.58806 0.49322 0.88136 0.12
r 0.45052 0.61463 0.41600 0.30643 0.53052 0.69463 0.49600 0.38643 0.08
r 0.55277 0.62773 0.41418 0.54751 0.71277 0.78773 0.57418 0.70751 0.16
r 0.32212 0.63473 0.47076 0.60996 0.44212 0.75473 0.59076 0.72996 0.12
r 0.33283 0.43448 0.47749 0.59985 0.41283 0.51448 0.55749 0.67985 0.08
r 0.54920 0.43281 0.46578 0.59292 0.70920 0.59281 0.62578 0.75292 0.16
r 0.50013 0.37134 0.32012 0.58128 0.58013 0.45134 0.40012 0.66128 0.08
r 0.58455 0.48683 0.51035 0.85198 0.74455 0.64683 0.67035 1.01198 0.16
r 0.47306 0.60145 0.60660 0.70109 0.59306 0.72145 0.72660 0.82109 0.12
r 0.40082 0.54290 0.35813 0.76323 0.52082 0.66290 0.47813 0.88323 0.12
r 0.49491 0.46904 0.40387 0.55623 0.61491 0.58904 0.52387 0.67623 0.12
r 0.43103 0.53302 0.55399 0.61967 0.59103 0.69302 0.71399 0.77967 0.16
r 0.45579 0.47907 0.36029 0.60475 0.61579 0.63907 0.52029 0.76475 0.16
r 0.52119 0.43617 0.47229 0.77678 0.60119 0.51617 0.55229 0.85678 0.08
r 0.57130 0.45085 0.47304 0.48839 0.61130 0.49085 0.51304 0.52839 0.04
r 0.60234 0.47780 0.66015 0.50571 0.64233 0.51780 0.70015 0.54571 0.04
r 0.46356 0.32392 0.65590 0.40707 0.50356 0.36392 0.69590 0.44707 0.04
r 0.48472 0.44018 0.46153 0.65458 0.64472 0.60018 0.62153 0.81458 0.16
r 0.51201 0.40067 0.33783 0.49774 0.67201 0.56067 0.49783 0.65774 0.16
r 0.54302 0.51709 0.52703 0.41810 0.62302 0.59709 0.60703 0.49810 0.08
r 0.50199 0.51765 0.55772 0.38140 0.66199 0.67765 0.71772 0.54140 0.16
r 0.58896 0.48154 0.47747 0.63688 0.62896 0.52154 0.51747 0.67688 0.04
r 0.41468 0.48995 0.63971 0.70748 0.53468 0.60995 0.75971 0.82748 0.12
r 0.62846 0.56567 0.46880 0.63393 0.74846 0.68567 0.58880 0.75393 0.12
r 0.45140 0.51398 0.48695 0.44587 0.57140 0.63398 0.60695 0.56587 0.12
r 0.45695 0.57119 0.54006 0.53356 0.61695 0.73119 0.70006 0.69356 0.16
r 0.38157 0.48859 0.50600 0.36450 0.50157 0.60859 0.62600 0.48450 0.12
r 0.41160 0.43689 0.48627 0.58875 0.49160 0.51690 0.56628 0.66875 0.08
r 0.54259 0.45894 0.50771 0.46313 0.66259 0.57894 0.62771 0.58313 0.12
r 0.36471 0.35334 0.67506 0.73269 0.52471 0.51334 0.83506 0.89269 0.16
r 0.66616 0.59960 0.56165 0.62012 0.82616 0.75960 0.72165 0.78012 0.16
r 0.27731 0.52049 0.53473 0.56533 0.31731 0.56049 0.57473 0.60533 0.04
r 0.47634 0.49712 0.23224 0.51362 0.51634 0.53712 0.27224 0.55362 0.04
r 0.59146 0.67424 0.45744 0.54102 0.67146 0.75424 0.53744 0.62102 0.08
r 0.40058 0.47384 0.55232 0.62084 0.56058 0.63384 0.71232 0.78084 0.16
r 0.49430 0.45493 0.52045 0.42278 0.53429 0.49493 0.56045 0.46278 0.04
r 0.64459 0.51790 0.55979 0.58556 0.68459 0.55790 0.59979 0.62556 0.04
r 0.44416 0.64198 0.53038 0.65979 0.52416 0.72198 0.61038 0.73979 0.08
r 0.44473 0.49426 0.55251 0.50885 0.52473 0.57425 0.63251 0.58885 0.08
r 0.53309 0.59106 0.66822 0.46014 0.65309 0.71106 0.78822 0.58014 0.12
r 0.54673 0.50174 0.70804 0.40350 0.70673 0.66174 0.86804 0.56350 0.16
r 0.46426 0.44873 0.48200 0.54855 0.58426 0.56873 0.60200 0.66855 0.12
r 0.37723 0.67372 0.46538 0.69884 0.45723 0.75372 0.54538 0.77884 0.08
r 0.51911 0.55681 0.49136 0.56956 0.63911 0.67681 0.61136 0.68956 0.12
r 0.47173 0.50681 0.45840 0.38158 0.63173 0.66681 0.61841 0.54158 0.16
r 0.38143 0.47122 0.47904 0.41608 0.46143 0.55122 0.55904 0.49608 0.08
r 0.49678 0.34361 0.66047 0.36247 0.61678 0.46361 0.78047 0.48247 0.12
r 0.49037 0.34952 0.52048 0.43340 0.53037 0.38952 0.56048 0.47340 0.04
r 0.51274 0.58007 0.63007 0.30657 0.55274 0.62007 0.67007 0.34657 0.04
r 0.43395 0.75099 0.49066 0.57170 0.59395 0.91099 0.65066 0.73170 0.16
r 0.64357 0.41283 0.53277 0.65385 0.72357 0.49283 0.61277 0.73385 0.08
r 0.48545 0.57869 0.43684 0.63446 0.64545 0.73869 0.59684 0.79446 0.16
r 0.66089 0.48213 0.51940 0.64616 0.74089 0.56213 0.59940 0.72616 0.08
r 0.55661 0.41991 0.59677 0.71090 0.71661 0.57991 0.75676 0.87090 0.16
r 0.60667 0.45712 0.53649 0.59039 0.64667 0.49712 0.57649 0.63039 0.04
r 0.43741 0.38660 0.66392 0.66250 0.51741 0.46660 0.74392 0.74250 0.08
r 0.49075 0.56854 0.62189 0.65065 0.61074 0.68854 0.74189 0.77065 0.12
r 0.55088 0.38720 0.52328 0.77104 0.71088 0.54719 0.68328 0.93104 0.16
r 0.47580 0.28126 0.48268 0.59251 0.51580 0.32126 0.52268 0.63251 0.04
r 0.52184 0.39499 0.38012 0.61142 0.64184 0.51499 0.50012 0.73142 0.12
r 0.47386 0.58617 0.56665 0.53571 0.59387 0.70617 0.68665 0.65571 0.12
r 0.53067 0.63212 0.49095 0.46442 0.65067 0.75212 0.61094 0.58442 0.12
r 0.35408 0.48108 0.53095 0.43301 0.39408 0.52108 0.57095 0.47301 0.04
r 0.49260 0.48310 0.58436 0.56867 0.65260 0.64310 0.74436 0.72867 0.16
r 0.58569 0.54153 0.44880 0.62814 0.74569 0.70153 0.60880 0.78814 0.16
r 0.59486 0.55624 0.53025 0.54312 0.67486 0.63624 0.61025 0.62311 0.08
r 0.77698 0.56109 0.62574 0.52546 0.93698 0.72109 0.78575 0.68546 0.16
r 0.49058 0.42479 0.42994 0.51428 0.53058 0.46479 0.46994 0.55428 0.04
r 0.40346 0.46113 0.65491 0.71714 0.44346 0.50113 0.69491 0.75714 0.04
r 0.52584 0.44845 0.43062 0.48466 0.60584 0.52845 0.51062 0.56466 0.08
r 0.32732 0.55295 0.59458 0.52304 0.36732 0.59295 0.63458 0.56304 0.04
r 0.44911 0.67960 0.52680 0.68775 0.60911 0.83960 0.68680 0.84775 0.16
r 0.57532 0.52219 0.59959 0.51035 0.69532 0.64220 0.71959 0.63035 0.12
r 0.66590 0.54798 0.48049 0.57767 0.82590 0.70798 0.64049 0.73767 0.16
r 0.38516 0.45724 0.48732 0.74702 0.50516 0.57723 0.60732 0.86702 0.12
r 0.72293 0.51156 0.51527 0.48933 0.76293 0.55156 0.55527 0.52933 0.04
r 0.56827 0.60606 0.56071 0.57333 0.60827 0.64606 0.60071 0.61333 0.04
r 0.45582 0.47103 0.56247 0.37071 0.53582 0.55103 0.64247 0.45071 0.08
r 0.38738 0.60479 0.43738 0.53529 0.46738 0.68479 0.51738 0.61528 0.08
r 0.43707 0.42376 0.56129 0.67293 0.47707 0.46376 0.60129 0.71293 0.04
r 0.54494 0.50819 0.46201 0.67840 0.66494 0.62819 0.58201 0.79840 0.12
r 0.37677 0.53289 0.54638 0.71339 0.49677 0.65289 0.66638 0.83339 0.12
r 0.44466 0.48954 0.66953 0.49055 0.56466 0.60954 0.78953 0.61055 0.12
r 0.49928 0.60690 0.36449 0.64671 0.57928 0.68690 0.44449 0.72671 0.08
r 0.44050 0.37427 0.47595 0.53332 0.52050 0.45427 0.55595 0.61332 0.08
r 0.75417 0.41318 0.42770 0.57616 0.83417 0.49318 0.50770 0.65616 0.08
r 0.54878 0.48023 0.40262 0.41324 0.62878 0.56023 0.48262 0.49324 0.08
r 0.26127 0.56364 0.33582 0.42563 0.30127 0.60364 0.37582 0.46563 0.04
r 0.46849 0.59713 0.45951 0.63989 0.58849 0.71713 0.57951 0.75989 0.12
r 0.56039 0.37544 0.50811 0.60617 0.72039 0.53544 0.66811 0.76617 0.16
r 0.54670 0.50661 0.38051 0.58339 0.66670 0.62661 0.50051 0.70338 0.12
r 0.72740 0.59171 0.43295 0.48979 0.84740 0.71171 0.55295 0.60979 0.12
r 0.34462 0.66406 0.42254 0.49736 0.50462 0.82406 0.58254 0.65736 0.16
r 0.21092 0.60744 0.58479 0.50131 0.37092 0.76744 0.74479 0.66131 0.16
r 0.41697 0.53013 0.46683 0.47235 0.53697 0.65013 0.58683 0.59235 0.12
r 0.41168 0.60181 0.39046 0.47639 0.45168 0.64181 0.43046 0.51639 0.04
r 0.33678 0.52626 0.42370 0.52386 0.37678 0.56626 0.46370 0.56386 0.04
r 0.58476 0.41647 0.22745 0.47475 0.70476 0.53647 0.34745 0.59475 0.12
r 0.49637 0.42024 0.52146 0.53126 0.57637 0.50024 0.60146 0.61126 0.08
r 0.50340 0.57575 0.59564 0.57669 0.54340 0.61575 0.63564 0.61669 0.04
r 0.54779 0.77518 0.48960 0.50552 0.58779 0.81518 0.52960 0.54552 0.04
r 0.46436 0.55582 0.39137 0.44829 0.58436 0.67582 0.51137 0.56829 0.12
r 0.54793 0.45642 0.48926 0.48504 0.62793 0.53643 0.56926 0.56504 0.08
r 0.47377 0.48039 0.42387 0.51226 0.55377 0.56039 0.50387 0.59226 0.08
r 0.54379 0.58576 0.46305 0.38092 0.58379 0.62576 0.50305 0.42092 0.04
r 0.40090 0.42192 0.35505 0.60369 0.48090 0.50192 0.43505 0.68369 0.08
r 0.47664 0.45275 0.45004 0.65791 0.51664 0.49275 0.49004 0.69791 0.04
r 0.52307 0.47436 0.52369 0.49969 0.60307 0.55436 0.60369 0.57969 0.08
r 0.46202 0.54020 0.65142 0.64069 0.50202 0.58020 0.69142 0.68069 0.04
r 0.42015 0.45700 0.37991 0.40173 0.46015 0.49700 0.41991 0.44173 0.04
r 0.63341 0.49061 0.61422 0.71915 0.75341 0.61061 0.73422 0.83915 0.12
r 0.41666 0.45953 0.62137 0.55637 0.49666 0.53953 0.70137 0.63637 0.08
r 0.42265 0.44726 0.57911 0.34099 0.54265 0.56726 0.69911 0.46100 0.12
r 0.42802 0.44684 0.55281 0.55345 0.46802 0.48684 0.59281 0.59345 0.04
r 0.58425 0.42413 0.56802 0.55137 0.70425 0.54413 0.68802 0.67137 0.12
r 0.41641 0.51930 0.40212 0.63293 0.45641 0.55930 0.44212 0.67293 0.04
r 0.38567 0.71153 0.48595 0.60072 0.50567 0.83153 0.60595 0.72072 0.12
r 0.33954 0.51057 0.42422 0.36071 0.49954 0.67057 0.58422 0.52071 0.16
r 0.47974 0.49454 0.60150 0.56635 0.59974 0.61454 0.72150 0.68635 0.12
r 0.59280 0.53054 0.50089 0.50950 0.71280 0.65054 0.62089 0.62950 0.12
r 0.43515 0.52243 0.53318 0.51870 0.55515 0.64243 0.65318 0.63870 0.12
r 0.52191 0.61188 0.61310 0.45543 0.60191 0.69188 0.69310 0.53543 0.08
r 0.32820 0.51294 0.34986 0.54766 0.44820 0.63294 0.46986 0.66767 0.12
r 0.53629 0.53448 0.60335 0.61466 0.69629 0.69448 0.76335 0.77466 0.16
r 0.47595 0.49241 0.43762 0.39615 0.51595 0.53241 0.47762 0.43615 0.04
r 0.27606 0.40738 0.40596 0.60332 0.43606 0.56738 0.56596 0.76332 0.16
r 0.42444 0.32141 0.40635 0.61706 0.58444 0.48141 0.56635 0.77706 0.16
r 0.58883 0.59177 0.41464 0.32447 0.74883 0.75177 0.57464 0.48447 0.16
r 0.33516 0.29875 0.32163 0.45576 0.37516 0.33875 0.36163 0.49576 0.04
r 0.29825 0.38699 0.48602 0.46113 0.41824 0.50699 0.60602 0.58113 0.12
r 0.50208 0.52590 0.51477 0.48483 0.54208 0.56590 0.55477 0.52483 0.04
r 0.54802 0.39876 0.59108 0.45454 0.58802 0.43876 0.63108 0.49454 0.04
r 0.51876 0.59923 0.53974 0.48122 0.63876 0.71923 0.65974 0.60122 0.12
r 0.44928 0.37979 0.53238 0.44943 0.48928 0.41979 0.57238 0.48943 0.04
r 0.32239 0.67556 0.50446 0.42401 0.44239 0.79556 0.62446 0.54401 0.12
r 0.54745 0.59108 0.49770 0.61137 0.70745 0.75108 0.65770 0.77137 0.16
r 0.52798 0.53344 0.58061 0.49611 0.64798 0.65344 0.70061 0.61611 0.12
r 0.42424 0.50250 0.74314 0.47550 0.50424 0.58250 0.82314 0.55550 0.08
r 0.47723 0.54522 0.61338 0.35511 0.55723 0.62522 0.69338 0.43511 0.08
r 0.43325 0.68242 0.63210 0.45506 0.51325 0.76242 0.71210 0.53506 0.08
r 0.54217 0.59095 0.54003 0.31250 0.58217 0.63095 0.58003 0.35250 0.04
r 0.32704 0.66451 0.52998 0.40253 0.48704 0.82451 0.68998 0.56253 0.16
r 0.40788 0.37604 0.49089 0.50552 0.44788 0.41604 0.53089 0.54552 0.04
r 0.49760 0.55406 0.34615 0.63197 0.61760 0.67406 0.46616 0.75197 0.12
r 0.52125 0.47746 0.25379 0.53319 0.60125 0.55746 0.33380 0.61319 0.08
r 0.50625 0.29934 0.72686 0.57745 0.54625 0.33934 0.76686 0.61745 0.04
r 0.47513 0.69616 0.60044 0.45019 0.63513 0.85616 0.76045 0.61019 0.16
r 0.50088 0.58972 0.66450 0.32830 0.58088 0.66972 0.74450 0.40830 0.08
r 0.54394 0.52824 0.67807 0.42387 0.66394 0.64824 0.79807 0.54387 0.12
r 0.47444 0.65406 0.53932 0.61232 0.63444 0.81405 0.69932 0.77232 0.16
r 0.75874 0.48247 0.44269 0.50754 0.83874 0.56247 0.52269 0.58754 0.08
r 0.51081 0.55768 0.32133 0.47762 0.63081 0.67768 0.44133 0.59762 0.12
r 0.46981 0.59133 0.38208 0.51781 0.62981 0.75133 0.54208 0.67781 0.16
r 0.43736 0.37862 0.59020 0.44240 0.51736 0.45862 0.67020 0.52240 0.08
r 0.45100 0.33847 0.41482 0.58716 0.57100 0.45847 0.53482 0.70716 0.12
r 0.64661 0.39672 0.49664 0.72696 0.68661 0.43672 0.53664 0.76696 0.04
r 0.34565 0.49688 0.34287 0.54916 0.50565 0.65688 0.50287 0.70916 0.16
r 0.44879 0.52894 0.33311 0.50574 0.48879 0.56894 0.37311 0.54574 0.04
r 0.53511 0.54535 0.47935 0.45035 0.57510 0.58535 0.51935 0.49035 0.04
r 0.51345 0.67144 0.57794 0.48410 0.59345 0.75144 0.65794 0.56410 0.08
r 0.44096 0.56096 0.41174 0.42038 0.60096 0.72096 0.57174 0.58038 0.16
r 0.50087 0.44182 0.42936 0.37548 0.62087 0.56182 0.54936 0.49547 0.12
r 0.47840 0.34263 0.42062 0.51798 0.63840 0.50263 0.58062 0.67798 0.16
r 0.47437 0.72188 0.24852 0.29911 0.55436 0.80188 0.32852 0.37911 0.08
r 0.45028 0.45413 0.58634 0.48724 0.57028 0.57413 0.70634 0.60724 0.12
r 0.46539 0.60345 0.49366 0.36630 0.50539 0.64345 0.53366 0.40630 0.04
r 0.74266 0.51104 0.47541 0.39597 0.90266 0.67104 0.63541 0.55597 0.16
r 0.50064 0.37697 0.26516 0.52837 0.54064 0.41697 0.30516 0.56837 0.04
r 0.77345 0.39098 0.58928 0.47479 0.85345 0.47098 0.66928 0.55479 0.08
r 0.67406 0.47684 0.50418 0.46935 0.75406 0.55684 0.58418 0.54935 0.08
r 0.43161 0.53716 0.46994 0.64733 0.47161 0.57716 0.50994 0.68733 0.04
r 0.49421 0.56173 0.36631 0.58836 0.53421 0.60173 0.40631 0.62836 0.04
r 0.50518 0.60013 0.56497 0.59108 0.62518 0.72013 0.68497 0.71108 0.12
r 0.47183 0.56499 0.54683 0.49260 0.51183 0.60499 0.58683 0.53260 0.04
r 0.45282 0.45465 0.56756 0.49004 0.49282 0.49465 0.60756 0.53004 0.04
r 0.64240 0.39229 0.51048 0.31862 0.76240 0.51229 0.63048 0.43862 0.12
r 0.54489 0.47621 0.59180 0.46430 0.62489 0.55621 0.67180 0.54430 0.08
r 0.41032 0.41322 0.44127 0.47880 0.49032 0.49322 0.52127 0.55880 0.08
r 0.47219 0.71758 0.60896 0.55131 0.51219 0.75758 0.64896 0.59131 0.04
r 0.52888 0.48475 0.54601 0.58580 0.56888 0.52475 0.58601 0.62580 0.04
r 0.57589 0.55488 0.55175 0.60249 0.65589 0.63488 0.63175 0.68249 0.08
r 0.66641 0.58698 0.53638 0.54365 0.82641 0.74698 0.69638 0.70365 0.16
r 0.44652 0.50130 0.58869 0.68862 0.56652 0.62130 0.70869 0.80862 0.12
r 0.43329 0.49199 0.48814 0.48513 0.55329 0.61199 0.60814 0.60513 0.12
r 0.46469 0.61609 0.47928 0.43752 0.58469 0.73609 0.59928 0.55752 0.12
r 0.47355 0.47340 0.32333 0.47653 0.59355 0.59340 0.44333 0.59653 0.12
r 0.59344 0.37176 0.44934 0.57058 0.67344 0.45176 0.52934 0.65058 0.08
r 0.55652 0.55560 0.60348 0.74122 0.71652 0.71560 0.76348 0.90122 0.16
r 0.48624 0.72166 0.48171 0.52316 0.60623 0.84166 0.60171 0.64316 0.12
r 0.38375 0.47733 0.66573 0.78010 0.50375 0.59733 0.78573 0.90010 0.12
r 0.23736 0.41192 0.53012 0.50840 0.27736 0.45192 0.57012 0.54840 0.04
r 0.57653 0.62116 0.56905 0.43716 0.73653 0.78116 0.72905 0.59716 0.16
r 0.46339 0.44891 0.64323 0.45182 0.62339 0.60891 0.80323 0.61182 0.16
r 0.43550 0.53031 0.50172 0.43550 0.47550 0.57031 0.54172 0.47550 0.04
r 0.29627 0.67495 0.37621 0.46970 0.37627 0.75495 0.45621 0.54970 0.08
r 0.30496 0.52644 0.37052 0.42431 0.46496 0.68644 0.53052 0.58431 0.16
r 0.48337 0.58654 0.45598 0.64938 0.52337 0.62654 0.49598 0.68938 0.04
r 0.42162 0.70374 0.62967 0.40033 0.54162 0.82374 0.74967 0.52033 0.12
r 0.44496 0.54218 0.49803 0.61858 0.56496 0.66218 0.61802 0.73858 0.12
r 0.45034 0.46624 0.53170 0.37834 0.57034 0.58624 0.65170 0.49834 0.12
r 0.43376 0.59250 0.30657 0.66216 0.55376 0.71250 0.42657 0.78216 0.12
r 0.50903 0.53880 0.68690 0.53363 0.58903 0.61880 0.76690 0.61363 0.08
r 0.56318 0.47313 0.57455 0.53763 0.72318 0.63313 0.73455 0.69763 0.16
r 0.46466 0.56804 0.50805 0.45933 0.54466 0.64804 0.58805 0.53933 0.08
r 0.36304 0.57204 0.41056 0.52413 0.48304 0.69204 0.53056 0.64413 0.12
r 0.36130 0.36635 0.40422 0.56215 0.52130 0.52635 0.56422 0.72215 0.16
r 0.38084 0.59278 0.54198 0.43393 0.54084 0.75278 0.70198 0.59393 0.16
r 0.45311 0.29483 0.52036 0.54881 0.49311 0.33483 0.56036 0.58881 0.04
r 0.38508 0.41768 0.69741 0.40861 0.54508 0.57768 0.85741 0.56861 0.16
r 0.43599 0.52476 0.34614 0.53294 0.59599 0.68476 0.50614 0.69294 0.16
r 0.55056 0.43100 0.41648 0.53597 0.63056 0.51100 0.49648 0.61597 0.08
r 0.46154 0.48641 0.47451 0.64478 0.58154 0.60641 0.59451 0.76478 0.12
r 0.36670 0.55592 0.47085 0.48593 0.40670 0.59592 0.51085 0.52593 0.04
r 0.59474 0.47315 0.47308 0.70656 0.71474 0.59315 0.59308 0.82656 0.12
r 0.51572 0.52536 0.72850 0.41693 0.63572 0.64536 0.84850 0.53693 0.12
r 0.42933 0.41833 0.49168 0.45954 0.54933 0.53833 0.61168 0.57954 0.12
r 0.57238 0.54051 0.28517 0.63946 0.69238 0.66051 0.40517 0.75946 0.12
r 0.49624 0.53962 0.41667 0.57112 0.53624 0.57962 0.45667 0.61112 0.04
r 0.42889 0.52158 0.54176 0.48341 0.50889 0.60158 0.62176 0.56341 0.08
r 0.55973 0.58276 0.55557 0.57656 0.63973 0.66276 0.63558 0.65656 0.08
r 0.45299 0.39396 0.48876 0.34706 0.61299 0.55396 0.64876 0.50706 0.16
r 0.67883 0.47654 0.57221 0.40497 0.71883 0.51654 0.61221 0.44496 0.04
r 0.33642 0.59979 0.61984 0.37166 0.37642 0.63979 0.65984 0.41166 0.04
r 0.60975 0.37821 0.39224 0.68888 0.72976 0.49822 0.51224 0.80888 0.12
r 0.47721 0.63415 0.53899 0.52287 0.63721 0.79415 0.69899 0.68287 0.16
r 0.35835 0.53357 0.52762 0.61336 0.47835 0.65357 0.64762 0.73336 0.12
r 0.55880 0.57628 0.37499 0.59251 0.63880 0.65628 0.45499 0.67251 0.08
r 0.63160 0.46511 0.55421 0.58149 0.79160 0.62511 0.71421 0.74149 0.16
r 0.83806 0.71918 0.44388 0.30832 0.95806 0.83918 0.56388 0.42832 0.12
r 0.49904 0.47464 0.50551 0.40695 0.53904 0.51464 0.54551 0.44695 0.04
r 0.71498 0.68950 0.67377 0.46962 0.87497 0.84950 0.83377 0.62962 0.16
r 0.69438 0.39801 0.50601 0.40558 0.85438 0.55801 0.66601 0.56558 0.16
r 0.37866 0.63973 0.63496 0.58266 0.49866 0.75973 0.75496 0.70266 0.12
r 0.32201 0.40481 0.56581 0.59567 0.44201 0.52481 0.68581 0.71566 0.12
r 0.40020 0.55181 0.45522 0.73424 0.48020 0.63181 0.53522 0.81424 0.08
r 0.49991 0.31222 0.42502 0.54697 0.61991 0.43221 0.54502 0.66697 0.12
r 0.50188 0.48365 0.40481 0.49803 0.54188 0.52365 0.44481 0.53803 0.04
r 0.37063 0.58515 0.28270 0.69479 0.41064 0.62515 0.32270 0.73479 0.04
r 0.34206 0.37736 0.38305 0.52930 0.46206 0.49736 0.50305 0.64930 0.12
r 0.52040 0.45069 0.66050 0.32487 0.56040 0.49069 0.70050 0.36487 0.04
r 0.61127 0.70647 0.55162 0.35029 0.73127 0.82647 0.67162 0.47029 0.12
r 0.56831 0.46299 0.64323 0.42215 0.68831 0.58299 0.76323 0.54214 0.12
r 0.47188 0.62344 0.63686 0.50057 0.51188 0.66344 0.67686 0.54057 0.04
r 0.44699 0.55689 0.42656 0.47191 0.48699 0.59689 0.46656 0.51191 0.04
r 0.59224 0.46367 0.46444 0.76667 0.75224 0.62367 0.62444 0.92667 0.16
r 0.64986 0.57498 0.82269 0.40402 0.72986 0.65498 0.90269 0.48402 0.08
r 0.39467 0.62813 0.33225 0.56424 0.43467 0.66813 0.37225 0.60424 0.04
r 0.41058 0.47984 0.57435 0.51493 0.49058 0.55984 0.65435 0.59494 0.08
r 0.62942 0.62828 0.44844 0.45052 0.66942 0.66828 0.48844 0.49053 0.04
r 0.47379 0.66146 0.57132 0.28454 0.55379 0.74146 0.65132 0.36454 0.08
r 0.39166 0.57289 0.42338 0.63077 0.47166 0.65288 0.50338 0.71077 0.08
r 0.55702 0.64916 0.56433 0.41769 0.71702 0.80916 0.72433 0.57769 0.16
r 0.49013 0.29329 0.51559 0.38105 0.65013 0.45329 0.67559 0.54105 0.16
r 0.38168 0.63271 0.62045 0.51817 0.42168 0.67271 0.66045 0.55817 0.04
r 0.54926 0.65404 0.49285 0.51490 0.66926 0.77404 0.61285 0.63490 0.12
r 0.46578 0.51465 0.41083 0.56617 0.58578 0.63465 0.53083 0.68617 0.12
r 0.40682 0.47706 0.45358 0.52954 0.48682 0.55706 0.53359 0.60954 0.08
r 0.56204 0.55972 0.52535 0.47807 0.72204 0.71972 0.68535 0.63807 0.16
r 0.49964 0.55450 0.56846 0.48634 0.65964 0.71450 0.72846 0.64634 0.16
r 0.44356 0.50003 0.63270 0.50486 0.52356 0.58003 0.71270 0.58486 0.08
r 0.28680 0.54780 0.51581 0.55116 0.44680 0.70780 0.67581 0.71116 0.16
r 0.46730 0.51081 0.50583 0.56097 0.58730 0.63081 0.62583 0.68097 0.12
r 0.47455 0.65413 0.51871 0.53668 0.55455 0.73413 0.59871 0.61668 0.08
r 0.46015 0.60088 0.64147 0.43480 0.50015 0.64088 0.68147 0.47480 0.04
r 0.33246 0.47473 0.49888 0.41422 0.37246 0.51473 0.53888 0.45422 0.04
r 0.47629 0.58872 0.59021 0.68654 0.63629 0.74872 0.75021 0.84654 0.16
r 0.58286 0.31431 0.51539 0.69794 0.66286 0.39431 0.59539 0.77794 0.08
r 0.39013 0.53573 0.47189 0.47672 0.51013 0.65573 0.59189 0.59672 0.12
r 0.46306 0.46779 0.60313 0.49914 0.62306 0.62779 0.76313 0.65915 0.16
r 0.65466 0.56965 0.64702 0.55851 0.73466 0.64965 0.72702 0.63851 0.08
r 0.58484 0.70199 0.51141 0.46043 0.62484 0.74199 0.55141 0.50043 0.04
r 0.31609 0.44334 0.50536 0.28989 0.35609 0.48334 0.54536 0.32989 0.04
r 0.47763 0.51790 0.64947 0.50327 0.51763 0.55790 0.68947 0.54327 0.04
r 0.53528 0.53113 0.50870 0.55801 0.65528 0.65113 0.62870 0.67801 0.12
r 0.37642 0.60477 0.44265 0.66291 0.45642 0.68477 0.52265 0.74291 0.08
r 0.49429 0.25487 0.59150 0.52739 0.53429 0.29487 0.63150 0.56739 0.04
r 0.46123 0.47399 0.55234 0.38086 0.54123 0.55399 0.63234 0.46086 0.08
r 0.50056 0.42020 0.30057 0.55964 0.66056 0.58020 0.46057 0.71964 0.16
r 0.46725 0.58265 0.54448 0.48857 0.58725 0.70265 0.66448 0.60857 0.12
r 0.44532 0.57797 0.44483 0.42258 0.56532 0.69797 0.56483 0.54258 0.12
r 0.52309 0.52295 0.44089 0.53006 0.56309 0.56295 0.48089 0.57006 0.04
r 0.26510 0.47508 0.48893 0.54634 0.34510 0.55508 0.56893 0.62634 0.08
r 0.52212 0.61064 0.53169 0.65481 0.68212 0.77064 0.69169 0.81481 0.16
r 0.48074 0.52639 0.50349 0.56884 0.64074 0.68639 0.66349 0.72883 0.16
r 0.49840 0.51745 0.54107 0.35365 0.61840 0.63745 0.66107 0.47366 0.12
r 0.50286 0.54359 0.54045 0.55081 0.62287 0.66359 0.66045 0.67081 0.12
r 0.64890 0.48685 0.34612 0.58609 0.72890 0.56685 0.42612 0.66609 0.08
r 0.42979 0.52540 0.52149 0.27513 0.54979 0.64539 0.64149 0.39513 0.12
r 0.57704 0.50493 0.51754 0.45416 0.73704 0.66493 0.67754 0.61416 0.16
r 0.34542 0.38265 0.49034 0.37921 0.38542 0.42265 0.53034 0.41921 0.04
r 0.45738 0.42179 0.55266 0.57609 0.57738 0.54179 0.67266 0.69609 0.12
r 0.49389 0.51917 0.40983 0.68801 0.65389 0.67917 0.56983 0.84801 0.16
r 0.48498 0.72538 0.37732 0.50022 0.52498 0.76538 0.41732 0.54022 0.04
r 0.41746 0.53807 0.35859 0.46363 0.49746 0.61807 0.43859 0.54363 0.08
r 0.49514 0.43389 0.44116 0.59981 0.57514 0.51389 0.52116 0.67981 0.08
r 0.55297 0.36070 0.58530 0.55568 0.59297 0.40070 0.62530 0.59568 0.04
r 0.60957 0.47907 0.46861 0.22867 0.64957 0.51907 0.50861 0.26867 0.04
r 0.53609 0.53995 0.50595 0.41061 0.57609 0.57995 0.54595 0.45061 0.04
r 0.51599 0.73019 0.47137 0.69240 0.59599 0.81019 0.55137 0.77240 0.08
r 0.65687 0.56765 0.51133 0.61683 0.73687 0.64765 0.59133 0.69683 0.08
r 0.44039 0.63376 0.43730 0.41985 0.48039 0.67376 0.47730 0.45985 0.04
r 0.56839 0.35875 0.40718 0.41198 0.64839 0.43875 0.48718 0.49198 0.08
r 0.54668 0.52882 0.63084 0.48751 0.62668 0.60882 0.71084 0.56751 0.08
r 0.23012 0.59664 0.36826 0.59063 0.39012 0.75664 0.52826 0.75063 0.16
r 0.48067 0.56322 0.56199 0.58286 0.52067 0.60322 0.60199 0.62286 0.04
r 0.40169 0.58655 0.30831 0.59160 0.48168 0.66655 0.38831 0.67160 0.08
r 0.51993 0.59095 0.39595 0.48285 0.55993 0.63095 0.43595 0.52285 0.04
r 0.35587 0.58795 0.68449 0.61969 0.51587 0.74795 0.84449 0.77969 0.16
r 0.47081 0.53648 0.36134 0.65456 0.59081 0.65648 0.48134 0.77456 0.12
r 0.23952 0.50276 0.56537 0.45873 0.31952 0.58276 0.64537 0.53873 0.08
r 0.31363 0.32127 0.43267 0.53565 0.35363 0.36127 0.47267 0.57565 0.04
r 0.55582 0.42203 0.51642 0.51762 0.71582 0.58203 0.67642 0.67762 0.16
r 0.47686 0.52002 0.60384 0.62708 0.51686 0.56002 0.64384 0.66708 0.04
r 0.53238 0.45682 0.43778 0.49071 0.65238 0.57682 0.55778 0.61071 0.12
r 0.49756 0.52577 0.52367 0.45456 0.53756 0.56577 0.56367 0.49456 0.04
r 0.50085 0.42361 0.48245 0.48164 0.66085 0.58361 0.64245 0.64164 0.16
r 0.71791 0.55309 0.46031 0.37108 0.87791 0.71309 0.62031 0.53108 0.16
r 0.52954 0.40292 0.54533 0.62094 0.56954 0.44292 0.58533 0.66094 0.04
r 0.58267 0.33657 0.44652 0.44432 0.74267 0.49657 0.60652 0.60432 0.16
r 0.45093 0.57556 0.47106 0.47228 0.57093 0.69556 0.59106 0.59228 0.12
r 0.49849 0.54621 0.57510 0.39511 0.57849 0.62621 0.65510 0.47511 0.08
r 0.42223 0.41236 0.54709 0.51252 0.46223 0.45236 0.58709 0.55252 0.04
r 0.33332 0.51016 0.57003 0.63864 0.41332 0.59016 0.65003 0.71864 0.08
r 0.54642 0.34575 0.33404 0.46038 0.66642 0.46575 0.45404 0.58038 0.12
r 0.40177 0.63878 0.28699 0.31262 0.44177 0.67878 0.32699 0.35262 0.04
r 0.63003 0.26725 0.37654 0.58632 0.71003 0.34725 0.45654 0.66632 0.08
r 0.70327 0.45110 0.62256 0.53592 0.74327 0.49110 0.66256 0.57592 0.04
r 0.38967 0.59709 0.46144 0.49004 0.46967 0.67709 0.54144 0.57004 0.08
r 0.50046 0.58501 0.52469 0.54216 0.54045 0.62501 0.56469 0.58216 0.04
r 0.67498 0.47801 0.52867 0.48716 0.71498 0.51801 0.56867 0.52716 0.04
r 0.44563 0.45439 0.42758 0.48323 0.48563 0.49439 0.46758 0.52324 0.04
r 0.80497 0.63839 0.48636 0.44458 0.96497 0.79839 0.64636 0.60458 0.16
r 0.36912 0.70695 0.46227 0.61384 0.52912 0.86695 0.62227 0.77384 0.16
r 0.63854 0.41843 0.44752 0.61505 0.75855 0.53843 0.56752 0.73505 0.12
r 0.29179 0.58887 0.53394 0.56373 0.33179 0.62887 0.57394 0.60373 0.04
r 0.52206 0.40958 0.43043 0.45982 0.56206 0.44958 0.47043 0.49982 0.04
r 0.60089 0.48782 0.60127 0.39953 0.72089 0.60782 0.72128 0.51953 0.12
r 0.67940 0.47236 0.40675 0.35381 0.75940 0.55236 0.48675 0.43381 0.08
r 0.56720 0.38038 0.40071 0.57394 0.60720 0.42038 0.44071 0.61394 0.04
r 0.50253 0.37045 0.49420 0.35399 0.54253 0.41045 0.53420 0.39399 0.04
r 0.38174 0.55839 0.58785 0.34935 0.42173 0.59839 0.62785 0.38935 0.04
r 0.57118 0.60003 0.36277 0.37453 0.61118 0.64003 0.40277 0.41453 0.04
r 0.55056 0.49653 0.46012 0.26828 0.71056 0.65653 0.62012 0.42828 0.16
r 0.65580 0.52778 0.22543 0.37047 0.73580 0.60778 0.30543 0.45047 0.08
r 0.43890 0.29685 0.47752 0.45910 0.55890 0.41685 0.59752 0.57910 0.12
r 0.46083 0.72066 0.54502 0.48166 0.50083 0.76066 0.58502 0.52166 0.04
r 0.40235 0.48712 0.37475 0.68297 0.56235 0.64713 0.53475 0.84297 0.16
r 0.68324 0.53408 0.71186 0.49519 0.72324 0.57408 0.75186 0.53519 0.04
r 0.60956 0.49102 0.42257 0.53137 0.72956 0.61102 0.54257 0.65137 0.12
r 0.41239 0.42592 0.62795 0.43621 0.57239 0.58592 0.78795 0.59621 0.16
r 0.39015 0.48596 0.64403 0.41847 0.51015 0.60596 0.76403 0.53847 0.12
r 0.43128 0.50061 0.51114 0.47314 0.55128 0.62061 0.63114 0.59314 0.12
r 0.38990 0.47333 0.53991 0.42738 0.46990 0.55333 0.61991 0.50738 0.08
r 0.61852 0.44753 0.44982 0.42194 0.77852 0.60753 0.60982 0.58194 0.16
r 0.30939 0.33256 0.61821 0.45684 0.34939 0.37256 0.65821 0.49684 0.04
r 0.46890 0.50034 0.41594 0.41359 0.58890 0.62034 0.53594 0.53359 0.12
r 0.32523 0.42441 0.50345 0.51856 0.44523 0.54441 0.62345 0.63856 0.12
r 0.59129 0.43108 0.38827 0.47496 0.63129 0.47108 0.42827 0.51496 0.04
r 0.45694 0.38740 0.46032 0.46172 0.57694 0.50740 0.58032 0.58172 0.12
r 0.40734 0.49204 0.55330 0.63101 0.44734 0.53204 0.59330 0.67101 0.04
r 0.43848 0.51858 0.42104 0.49815 0.55848 0.63858 0.54104 0.61815 0.12
r 0.42936 0.41228 0.49092 0.42941 0.58936 0.57228 0.65092 0.58941 0.16
r 0.42585 0.52826 0.39524 0.40133 0.58585 0.68826 0.55524 0.56133 0.16
r 0.49280 0.49506 0.66821 0.35568 0.65280 0.65506 0.82821 0.51568 0.16
r 0.48646 0.59159 0.44011 0.37545 0.64646 0.75159 0.60011 0.53545 0.16
r 0.43995 0.35575 0.45778 0.67592 0.47995 0.39575 0.49778 0.71592 0.04
r 0.48654 0.56773 0.37238 0.32431 0.52653 0.60773 0.41238 0.36431 0.04
r 0.63437 0.53115 0.52290 0.61057 0.75437 0.65115 0.64290 0.73057 0.12
r 0.47002 0.28452 0.46340 0.50850 0.51002 0.32452 0.50340 0.54849 0.04
r 0.50494 0.51538 0.49532 0.42425 0.62494 0.63538 0.61532 0.54425 0.12
r 0.48292 0.62541 0.61727 0.44394 0.60292 0.74541 0.73727 0.56394 0.12
r 0.40241 0.60111 0.49459 0.40617 0.52241 0.72111 0.61459 0.52617 0.12
r 0.53536 0.55158 0.51633 0.35854 0.69536 0.71158 0.67633 0.51854 0.16
r 0.51478 0.34707 0.69222 0.53916 0.59478 0.42707 0.77222 0.61916 0.08
r 0.48146 0.57725 0.67379 0.56634 0.52146 0.61725 0.71379 0.60634 0.04
r 0.43625 0.38877 0.66085 0.55362 0.47625 0.42877 0.70085 0.59362 0.04
r 0.50961 0.50552 0.23840 0.49323 0.66961 0.66552 0.39840 0.65323 0.16
r 0.38101 0.52470 0.27006 0.60244 0.54101 0.68470 0.43006 0.76245 0.16
r 0.55517 0.65991 0.44846 0.57400 0.63517 0.73991 0.52846 0.65400 0.08
r 0.53242 0.56477 0.55218 0.53657 0.57242 0.60477 0.59218 0.57657 0.04
r 0.38708 0.39768 0.51039 0.47960 0.46708 0.47768 0.59039 0.55960 0.08
r 0.45661 0.67743 0.58172 0.76233 0.61661 0.83743 0.74172 0.92233 0.16
r 0.36400 0.62437 0.39262 0.48495 0.48399 0.74437 0.51262 0.60495 0.12
r 0.36623 0.52169 0.64631 0.52930 0.44623 0.60169 0.72631 0.60930 0.08
r 0.38965 0.67585 0.51573 0.46611 0.46965 0.75585 0.59573 0.54611 0.08
r 0.50502 0.53921 0.59050 0.41220 0.54502 0.57921 0.63050 0.45220 0.04
r 0.48613 0.50640 0.43256 0.74905 0.64613 0.66640 0.59256 0.90905 0.16
r 0.31817 0.72103 0.28571 0.42618 0.39817 0.80103 0.36571 0.50618 0.08
r 0.53920 0.47666 0.50909 0.49807 0.65920 0.59666 0.62908 0.61807 0.12
r 0.62978 0.50481 0.56045 0.37892 0.78978 0.66481 0.72045 0.53892 0.16
r 0.45632 0.59272 0.49477 0.50709 0.57632 0.71272 0.61477 0.62709 0.12
r 0.53791 0.52361 0.44618 0.53597 0.65791 0.64361 0.56619 0.65597 0.12
r 0.68260 0.58078 0.58997 0.49295 0.72261 0.62078 0.62997 0.53295 0.04
r 0.60081 0.64533 0.35889 0.40659 0.72081 0.76533 0.47889 0.52659 0.12
r 0.71272 0.44708 0.51682 0.64056 0.75272 0.48708 0.55682 0.68056 0.04
r 0.42519 0.32926 0.58628 0.56147 0.58519 0.48926 0.74628 0.72147 0.16
r 0.53319 0.75234 0.57917 0.48397 0.61319 0.83234 0.65917 0.56397 0.08
r 0.42685 0.60886 0.72050 0.58057 0.50685 0.68886 0.80050 0.66057 0.08
r 0.53178 0.55937 0.56934 0.65560 0.57178 0.59937 0.60934 0.69560 0.04
r 0.60276 0.55468 0.63420 0.52468 0.72276 0.67468 0.75420 0.64468 0.12
r 0.53940 0.50988 0.57818 0.60168 0.65940 0.62988 0.69818 0.72168 0.12
r 0.45658 0.62885 0.53449 0.58282 0.61658 0.78885 0.69449 0.74282 0.16
r 0.57438 0.49904 0.52035 0.50743 0.65438 0.57904 0.60035 0.58743 0.08
r 0.66464 0.55441 0.58772 0.77222 0.78464 0.67441 0.70772 0.89222 0.12
r 0.48065 0.45414 0.59024 0.38868 0.52065 0.49414 0.63024 0.42868 0.04
r 0.54128 0.45227 0.46619 0.65874 0.66128 0.57227 0.58619 0.77874 0.12
r 0.36847 0.53993 0.60698 0.43155 0.48847 0.65993 0.72698 0.55155 0.12
r 0.46985 0.50277 0.55164 0.59304 0.50985 0.54277 0.59164 0.63304 0.04
r 0.55192 0.51715 0.42482 0.53478 0.71192 0.67715 0.58482 0.69478 0.16
r 0.54440 0.65875 0.44336 0.51712 0.66440 0.77875 0.56336 0.63712 0.12
r 0.52196 0.55916 0.37829 0.63143 0.68196 0.71916 0.53829 0.79143 0.16
r 0.48688 0.61921 0.57215 0.33501 0.56688 0.69921 0.65215 0.41501 0.08
r 0.54277 0.50159 0.62784 0.39908 0.66277 0.62159 0.74784 0.51908 0.12
r 0.51966 0.46875 0.59219 0.55455 0.63966 0.58875 0.71219 0.67455 0.12
r 0.38208 0.48342 0.54290 0.32843 0.54208 0.64342 0.70290 0.48843 0.16
r 0.65965 0.55389 0.48051 0.52957 0.77965 0.67389 0.60051 0.64957 0.12
r 0.61776 0.39303 0.55665 0.53789 0.77776 0.55303 0.71665 0.69789 0.16
r 0.54810 0.44838 0.50661 0.47248 0.58810 0.48838 0.54661 0.51248 0.04
r 0.42400 0.38769 0.51249 0.51861 0.46400 0.42769 0.55249 0.55861 0.04
r 0.39693 0.45272 0.46755 0.52548 0.47693 0.53272 0.54755 0.60548 0.08
r 0.38167 0.52339 0.35542 0.45791 0.54167 0.68339 0.51542 0.61791 0.16
r 0.25160 0.28814 0.54801 0.62615 0.33160 0.36814 0.62801 0.70615 0.08
r 0.60874 0.55991 0.30039 0.69587 0.72874 0.67991 0.42039 0.81587 0.12
r 0.51372 0.73054 0.46158 0.57750 0.67372 0.89054 0.62158 0.73750 0.16
r 0.50661 0.41557 0.43012 0.42006 0.66661 0.57557 0.59012 0.58006 0.16
r 0.23348 0.45860 0.35421 0.57853 0.31348 0.53860 0.43421 0.65853 0.08
r 0.55584 0.60130 0.30804 0.33556 0.71584 0.76131 0.46804 0.49556 0.16
r 0.45024 0.57214 0.44863 0.61702 0.53024 0.65214 0.52863 0.69702 0.08
r 0.38224 0.53104 0.33574 0.58598 0.54224 0.69104 0.49574 0.74598 0.16
r 0.57052 0.49835 0.45401 0.49040 0.69052 0.61835 0.57401 0.61040 0.12
r 0.47547 0.46989 0.47428 0.63111 0.51547 0.50989 0.51428 0.67111 0.04
r 0.36208 0.53946 0.30229 0.43340 0.48208 0.65946 0.42229 0.55339 0.12
r 0.42241 0.52562 0.66022 0.43561 0.54241 0.64562 0.78021 0.55561 0.12
r 0.53528 0.33484 0.33654 0.64608 0.69528 0.49483 0.49654 0.80608 0.16
r 0.47627 0.58786 0.47008 0.75638 0.51627 0.62786 0.51008 0.79638 0.04
r 0.60980 0.57104 0.39577 0.58226 0.64980 0.61104 0.43577 0.62226 0.04
r 0.49066 0.62904 0.43011 0.54004 0.57066 0.70904 0.51011 0.62004 0.08
r 0.53743 0.44973 0.63352 0.44851 0.61743 0.52973 0.71351 0.52852 0.08
r 0.43619 0.44238 0.55361 0.65162 0.59619 0.60238 0.71361 0.81162 0.16
r 0.43891 0.48876 0.40582 0.48001 0.51891 0.56876 0.48582 0.56001 0.08
r 0.39308 0.53749 0.34434 0.55999 0.47308 0.61749 0.42434 0.63999 0.08
r 0.35749 0.43712 0.32548 0.65917 0.51749 0.59712 0.48548 0.81917 0.16
r 0.32706 0.55431 0.52073 0.50605 0.36706 0.59431 0.56073 0.54605 0.04
r 0.54669 0.56527 0.58122 0.50682 0.70669 0.72527 0.74122 0.66682 0.16
r 0.48430 0.63145 0.46210 0.64812 0.60430 0.75146 0.58210 0.76812 0.12
r 0.53863 0.54998 0.54868 0.36702 0.69863 0.70998 0.70868 0.52702 0.16
r 0.40471 0.37517 0.49456 0.61609 0.44471 0.41517 0.53456 0.65609 0.04
r 0.59430 0.45224 0.47479 0.34060 0.75430 0.61224 0.63479 0.50060 0.16
r 0.74347 0.72714 0.66627 0.51913 0.90347 0.88714 0.82627 0.67913 0.16
r 0.59641 0.60003 0.46480 0.49397 0.63641 0.64003 0.50480 0.53397 0.04
r 0.63835 0.45504 0.43861 0.53554 0.79835 0.61504 0.59861 0.69554 0.16
r 0.52462 0.65936 0.36888 0.43956 0.68462 0.81936 0.52888 0.59956 0.16
r 0.42931 0.56845 0.52788 0.79971 0.54931 0.68845 0.64788 0.91971 0.12
r 0.29897 0.46855 0.50280 0.50225 0.33897 0.50855 0.54280 0.54225 0.04
r 0.39595 0.57543 0.38288 0.69776 0.47595 0.65543 0.46288 0.77776 0.08
r 0.61872 0.45108 0.40536 0.44193 0.65872 0.49108 0.44536 0.48193 0.04
r 0.54285 0.52250 0.56079 0.54742 0.70285 0.68250 0.72079 0.70742 0.16
r 0.68813 0.23462 0.48103 0.53899 0.72813 0.27462 0.52103 0.57899 0.04
r 0.48235 0.58859 0.35671 0.43207 0.64235 0.74859 0.51671 0.59207 0.16
r 0.53524 0.63413 0.62360 0.53993 0.61524 0.71413 0.70360 0.61993 0.08
r 0.52334 0.34369 0.58778 0.46667 0.64334 0.46369 0.70779 0.58667 0.12
r 0.59800 0.59120 0.39750 0.50840 0.67800 0.67120 0.47750 0.58840 0.08
r 0.43809 0.56735 0.56714 0.58077 0.55809 0.68735 0.68714 0.70077 0.12
r 0.41760 0.61288 0.54423 0.54424 0.45760 0.65288 0.58423 0.58424 0.04
r 0.51807 0.48785 0.57382 0.52849 0.55807 0.52785 0.61382 0.56849 0.04
r 0.43641 0.57551 0.58665 0.55921 0.55641 0.69551 0.70665 0.67921 0.12
r 0.38890 0.72612 0.83526 0.59959 0.42890 0.76612 0.87526 0.63959 0.04
r 0.41334 0.37297 0.49179 0.52210 0.57334 0.53297 0.65179 0.68210 0.16
r 0.42979 0.57723 0.36901 0.40580 0.50979 0.65723 0.44901 0.48580 0.08
r 0.57069 0.61438 0.47047 0.50029 0.69069 0.73438 0.59047 0.62029 0.12
r 0.60915 0.42897 0.47858 0.60905 0.68915 0.50897 0.55858 0.68905 0.08
r 0.44772 0.41754 0.48425 0.57537 0.48772 0.45754 0.52425 0.61537 0.04
r 0.65135 0.55903 0.55252 0.55664 0.73135 0.63903 0.63252 0.63664 0.08
r 0.44523 0.51067 0.37680 0.55488 0.48523 0.55067 0.41680 0.59488 0.04
r 0.79461 0.36861 0.44204 0.57097 0.83461 0.40861 0.48204 0.61097 0.04
r 0.56648 0.50472 0.45478 0.52705 0.68648 0.62472 0.57478 0.64704 0.12
r 0.37716 0.41331 0.42308 0.38049 0.53716 0.57331 0.58308 0.54049 0.16
r 0.51382 0.67245 0.52682 0.42033 0.63382 0.79245 0.64682 0.54033 0.12
r 0.58443 0.45084 0.41649 0.43554 0.70443 0.57084 0.53649 0.55554 0.12
r 0.54373 0.45277 0.67048 0.48819 0.62373 0.53277 0.75048 0.56819 0.08
r 0.48616 0.67752 0.54158 0.58247 0.52616 0.71752 0.58158 0.62247 0.04
r 0.42418 0.53282 0.40663 0.51211 0.50418 0.61282 0.48663 0.59212 0.08
r 0.52115 0.62435 0.62154 0.31991 0.64115 0.74435 0.74154 0.43991 0.12
r 0.45355 0.39103 0.70640 0.66730 0.57355 0.51103 0.82640 0.78730 0.12
r 0.57924 0.52634 0.30634 0.51364 0.61924 0.56634 0.34634 0.55364 0.04
r 0.47913 0.53011 0.65455 0.45405 0.63913 0.69011 0.81455 0.61405 0.16
r 0.54786 0.50273 0.58379 0.54465 0.58786 0.54273 0.62379 0.58465 0.04
r 0.36510 0.34790 0.41201 0.46665 0.52510 0.50790 0.57201 0.62664 0.16
r 0.37485 0.34932 0.57386 0.44958 0.41485 0.38932 0.61386 0.48958 0.04
r 0.57346 0.47120 0.52019 0.53275 0.65346 0.55120 0.60019 0.61275 0.08
r 0.36950 0.55395 0.45960 0.31416 0.44950 0.63395 0.53960 0.39416 0.08
r 0.36530 0.48121 0.47658 0.54453 0.52530 0.64121 0.63658 0.70453 0.16
r 0.54891 0.72052 0.24773 0.48709 0.66891 0.84052 0.36773 0.60709 0.12
r 0.42040 0.57057 0.38001 0.40154 0.54040 0.69057 0.50001 0.52154 0.12
r 0.47878 0.44095 0.44991 0.55370 0.63878 0.60095 0.60991 0.71370 0.16
r 0.75671 0.56248 0.45306 0.24454 0.83671 0.64247 0.53306 0.32454 0.08
r 0.54434 0.40658 0.73900 0.55243 0.62434 0.48658 0.81900 0.63243 0.08
r 0.64628 0.52576 0.64552 0.48520 0.76628 0.64576 0.76552 0.60520 0.12
r 0.58653 0.42752 0.58124 0.81557 0.66653 0.50752 0.66124 0.89557 0.08
r 0.43204 0.35511 0.62608 0.60756 0.51204 0.43511 0.70608 0.68756 0.08
r 0.48637 0.58058 0.38041 0.56727 0.64637 0.74058 0.54041 0.72727 0.16
r 0.53612 0.66491 0.66602 0.57314 0.57612 0.70491 0.70602 0.61314 0.04
r 0.54880 0.53209 0.42270 0.45546 0.58881 0.57209 0.46270 0.49546 0.04
r 0.32217 0.56172 0.58271 0.56679 0.40217 0.64172 0.66271 0.64679 0.08
r 0.41357 0.53026 0.61057 0.61005 0.45357 0.57026 0.65057 0.65005 0.04
r 0.51401 0.78028 0.59899 0.49602 0.67401 0.94028 0.75899 0.65602 0.16
r 0.52079 0.36042 0.34607 0.42633 0.60079 0.44042 0.42607 0.50633 0.08
r 0.58689 0.43224 0.48053 0.49162 0.62689 0.47224 0.52053 0.53162 0.04
r 0.41539 0.42772 0.65151 0.41574 0.49539 0.50772 0.73151 0.49574 0.08
r 0.47189 0.46239 0.39778 0.46925 0.55189 0.54239 0.47778 0.54925 0.08
r 0.58714 0.61470 0.44368 0.41598 0.70714 0.73470 0.56368 0.53598 0.12
r 0.46678 0.49233 0.58223 0.51930 0.50678 0.53233 0.62223 0.55930 0.04
r 0.62167 0.43315 0.43012 0.60134 0.78167 0.59315 0.59012 0.76134 0.16
r 0.48423 0.31340 0.46081 0.41842 0.56423 0.39340 0.54081 0.49842 0.08
r 0.54727 0.38483 0.45815 0.41916 0.70727 0.54483 0.61815 0.57916 0.16
r 0.39770 0.60051 0.49480 0.50277 0.55770 0.76051 0.65480 0.66277 0.16
r 0.40107 0.55893 0.76859 0.58712 0.56107 0.71893 0.92859 0.74712 0.16
r 0.55374 0.43948 0.50877 0.33169 0.71374 0.59948 0.66877 0.49169 0.16
r 0.46765 0.55117 0.48248 0.47069 0.50765 0.59117 0.52247 0.51069 0.04
r 0.46089 0.49112 0.66989 0.44203 0.54089 0.57112 0.74989 0.52203 0.08
r 0.43638 0.48861 0.51926 0.35985 0.51638 0.56861 0.59926 0.43985 0.08
r 0.35062 0.70297 0.47475 0.43614 0.47063 0.82297 0.59475 0.55614 0.12
r 0.47486 0.39617 0.43287 0.59321 0.55486 0.47617 0.51287 0.67321 0.08
r 0.35751 0.65159 0.50386 0.41496 0.51751 0.81159 0.66386 0.57496 0.16
r 0.53377 0.50360 0.70044 0.44866 0.57377 0.54360 0.74044 0.48866 0.04
r 0.52051 0.42410 0.65091 0.48179 0.68051 0.58410 0.81091 0.64179 0.16
r 0.52443 0.45606 0.65751 0.44594 0.68443 0.61606 0.81751 0.60594 0.16
r 0.63217 0.54956 0.45712 0.68191 0.79217 0.70956 0.61712 0.84191 0.16
r 0.39890 0.44724 0.48949 0.61664 0.55890 0.60724 0.64949 0.77664 0.16
r 0.63701 0.49050 0.32098 0.33454 0.67701 0.53050 0.36098 0.37454 0.04
r 0.57457 0.59280 0.52089 0.48949 0.69457 0.71280 0.64089 0.60949 0.12
r 0.58559 0.64567 0.48713 0.45558 0.62559 0.68567 0.52713 0.49558 0.04
r 0.46604 0.65006 0.65097 0.65093 0.58604 0.77006 0.77097 0.77093 0.12
r 0.63359 0.53899 0.36479 0.60933 0.71359 0.61899 0.44479 0.68933 0.08
r 0.57674 0.46401 0.50995 0.76595 0.73674 0.62402 0.66995 0.92595 0.16
r 0.58722 0.45261 0.53537 0.57210 0.70722 0.57261 0.65537 0.69210 0.12
r 0.46780 0.59594 0.27862 0.46528 0.62780 0.75594 0.43862 0.62528 0.16
r 0.55838 0.42353 0.43648 0.50442 0.59838 0.46353 0.47648 0.54442 0.04
r 0.65150 0.42328 0.57444 0.51427 0.77150 0.54328 0.69444 0.63427 0.12
r 0.44952 0.40836 0.51243 0.47830 0.56952 0.52836 0.63243 0.59830 0.12
r 0.47710 0.46819 0.48314 0.62546 0.59711 0.58819 0.60314 0.74546 0.12
r 0.69984 0.68734 0.46888 0.41377 0.77984 0.76734 0.54887 0.49377 0.08
r 0.43679 0.59046 0.58591 0.56406 0.55679 0.71047 0.70591 0.68406 0.12
r 0.46509 0.48916 0.58051 0.38768 0.62509 0.64916 0.74051 0.54768 0.16
r 0.50858 0.42779 0.52981 0.58805 0.58858 0.50779 0.60981 0.66805 0.08
r 0.60886 0.54460 0.39431 0.39135 0.76886 0.70460 0.55431 0.55135 0.16
r 0.37325 0.26344 0.42025 0.64734 0.49325 0.38344 0.54025 0.76734 0.12
r 0.58829 0.68769 0.68993 0.39144 0.62829 0.72769 0.72993 0.43144 0.04
r 0.62357 0.56572 0.47021 0.35725 0.74357 0.68572 0.59021 0.47725 0.12
r 0.55820 0.46624 0.39391 0.47958 0.59820 0.50624 0.43391 0.51958 0.04
r 0.38314 0.64178 0.45875 0.64637 0.50314 0.76178 0.57875 0.76637 0.12
r 0.43838 0.56911 0.43963 0.57995 0.59838 0.72911 0.59963 0.73995 0.16
r 0.54771 0.23010 0.54430 0.47631 0.66771 0.35010 0.66430 0.59631 0.12
r 0.62789 0.55788 0.58446 0.64383 0.74789 0.67788 0.70446 0.76383 0.12
r 0.53326 0.38559 0.65049 0.46954 0.61326 0.46559 0.73049 0.54954 0.08
r 0.60696 0.41802 0.61139 0.44763 0.72696 0.53802 0.73140 0.56763 0.12
r 0.51414 0.38500 0.57457 0.49019 0.55414 0.42500 0.61457 0.53019 0.04
r 0.31210 0.65472 0.51045 0.51342 0.43210 0.77472 0.63045 0.63342 0.12
r 0.49794 0.42213 0.40542 0.65171 0.53794 0.46213 0.44542 0.69171 0.04
r 0.42343 0.40722 0.55972 0.51086 0.46343 0.44722 0.59972 0.55086 0.04
r 0.47454 0.45316 0.60825 0.69733 0.55454 0.53316 0.68825 0.77733 0.08
r 0.61061 0.51203 0.26702 0.26478 0.69061 0.59203 0.34702 0.34478 0.08
r 0.60138 0.51595 0.53460 0.64179 0.64138 0.55595 0.57460 0.68179 0.04
r 0.46879 0.52225 0.52622 0.60709 0.50879 0.56225 0.56622 0.64709 0.04
r 0.32726 0.47985 0.53282 0.40696 0.40726 0.55985 0.61282 0.48696 0.08
r 0.35875 0.61513 0.38044 0.58993 0.47875 0.73513 0.50044 0.70993 0.12
r 0.56084 0.53085 0.49732 0.43354 0.68084 0.65085 0.61732 0.55354 0.12
r 0.56334 0.42258 0.62647 0.45643 0.68334 0.54258 0.74647 0.57642 0.12
r 0.59240 0.65545 0.45518 0.54779 0.75240 0.81545 0.61518 0.70779 0.16
r 0.40282 0.41786 0.50194 0.55609 0.56282 0.57786 0.66194 0.71609 0.16
r 0.48061 0.50671 0.52257 0.58360 0.52061 0.54671 0.56257 0.62360 0.04
r 0.58549 0.50954 0.48082 0.56378 0.74549 0.66954 0.64082 0.72378 0.16
r 0.57175 0.52543 0.35915 0.47782 0.69175 0.64543 0.47915 0.59782 0.12
r 0.35629 0.48422 0.52515 0.44171 0.47629 0.60422 0.64515 0.56171 0.12
r 0.56516 0.50059 0.46064 0.61689 0.60516 0.54059 0.50064 0.65689 0.04
r 0.55416 0.43130 0.53292 0.38493 0.63416 0.51130 0.61292 0.46493 0.08
r 0.25985 0.36555 0.52695 0.65481 0.33985 0.44555 0.60695 0.73481 0.08
r 0.48693 0.49516 0.41139 0.43910 0.56693 0.57516 0.49139 0.51910 0.08
r 0.42719 0.44912 0.35708 0.57016 0.54719 0.56912 0.47708 0.69016 0.12
r 0.57465 0.53090 0.51934 0.56754 0.61465 0.57090 0.55934 0.60754 0.04
r 0.58898 0.49207 0.68389 0.43462 0.74898 0.65207 0.84389 0.59462 0.16
r 0.51606 0.61815 0.70465 0.44254 0.67606 0.77815 0.86465 0.60254 0.16
r 0.57965 0.55176 0.38681 0.54149 0.61965 0.59176 0.42681 0.58149 0.04
r 0.46459 0.39249 0.39817 0.48920 0.54459 0.47249 0.47817 0.56920 0.08
r 0.50495 0.65365 0.48645 0.48711 0.58495 0.73365 0.56645 0.56711 0.08
r 0.38226 0.55564 0.46999 0.63307 0.50226 0.67564 0.58999 0.75307 0.12
r 0.34542 0.30915 0.48604 0.49667 0.46542 0.42915 0.60604 0.61667 0.12
r 0.51923 0.49153 0.45182 0.41593 0.67923 0.65153 0.61182 0.57593 0.16
r 0.53207 0.47781 0.34295 0.56989 0.61207 0.55781 0.42295 0.64990 0.08
r 0.48337 0.50198 0.34420 0.46032 0.60337 0.62198 0.46420 0.58032 0.12
r 0.71565 0.44896 0.67328 0.50465 0.83564 0.56896 0.79328 0.62465 0.12
r 0.34952 0.42161 0.59544 0.64992 0.42952 0.50161 0.67544 0.72992 0.08
r 0.36158 0.34151 0.49658 0.35513 0.52158 0.50151 0.65658 0.51513 0.16
r 0.52791 0.63619 0.35805 0.63802 0.56791 0.67619 0.39805 0.67802 0.04
r 0.60174 0.29813 0.64896 0.52238 0.68174 0.37813 0.72896 0.60238 0.08
r 0.44864 0.57180 0.49353 0.54529 0.60864 0.73180 0.65353 0.70529 0.16
r 0.42882 0.74341 0.54939 0.33911 0.46882 0.78341 0.58939 0.37911 0.04
r 0.48238 0.47734 0.54150 0.81348 0.52238 0.51734 0.58150 0.85348 0.04
r 0.47594 0.49994 0.50926 0.47724 0.55594 0.57994 0.58926 0.55724 0.08
r 0.58299 0.69583 0.31860 0.52463 0.62299 0.73583 0.35860 0.56463 0.04
r 0.62696 0.65884 0.41582 0.72196 0.78696 0.81884 0.57582 0.88196 0.16
r 0.57647 0.51251 0.61657 0.47852 0.69647 0.63251 0.73657 0.59852 0.12
r 0.49285 0.42369 0.65054 0.41987 0.65285 0.58369 0.81054 0.57987 0.16
r 0.46115 0.38997 0.35521 0.59323 0.62115 0.54997 0.51521 0.75323 0.16
r 0.36643 0.58690 0.56392 0.34132 0.40643 0.62690 0.60392 0.38132 0.04
r 0.45785 0.61557 0.61754 0.55580 0.53785 0.69557 0.69754 0.63580 0.08
r 0.60540 0.59693 0.51463 0.61531 0.68540 0.67693 0.59463 0.69531 0.08
r 0.38398 0.65746 0.60683 0.47479 0.46398 0.73746 0.68683 0.55479 0.08
r 0.70023 0.69808 0.46187 0.38482 0.74023 0.73808 0.50187 0.42482 0.04
r 0.64771 0.53498 0.40995 0.26559 0.80771 0.69498 0.56995 0.42559 0.16
r 0.37636 0.67010 0.39586 0.33703 0.49636 0.79010 0.51586 0.45703 0.12
r 0.30258 0.35003 0.50163 0.35290 0.42258 0.47003 0.62163 0.47290 0.12
r 0.69930 0.70848 0.65452 0.63468 0.73930 0.74848 0.69452 0.67468 0.04
r 0.47252 0.54987 0.33808 0.54309 0.51252 0.58987 0.37808 0.58309 0.04
r 0.64557 0.61872 0.53896 0.39141 0.72557 0.69872 0.61896 0.47141 0.08
r 0.58283 0.44796 0.47255 0.44912 0.74283 0.60796 0.63255 0.60912 0.16
r 0.50559 0.56260 0.47153 0.45508 0.62559 0.68260 0.59153 0.57508 0.12
r 0.52576 0.41771 0.51796 0.43198 0.64576 0.53771 0.63796 0.55198 0.12
r 0.51416 0.49312 0.44747 0.30473 0.67416 0.65312 0.60747 0.46473 0.16
r 0.53656 0.44064 0.31156 0.49014 0.57656 0.48064 0.35156 0.53014 0.04
r 0.35159 0.45027 0.45835 0.46390 0.47159 0.57028 0.57834 0.58390 0.12
r 0.32999 0.44618 0.32539 0.48664 0.44999 0.56618 0.44539 0.60664 0.12
r 0.57956 0.41324 0.40024 0.37428 0.69956 0.53324 0.52024 0.49428 0.12
r 0.45694 0.46570 0.49218 0.32472 0.61694 0.62570 0.65218 0.48472 0.16
r 0.70094 0.45579 0.36165 0.67775 0.78094 0.53579 0.44165 0.75775 0.08
r 0.51138 0.48551 0.53553 0.39083 0.59138 0.56551 0.61553 0.47082 0.08
r 0.58243 0.40657 0.55061 0.62206 0.70243 0.52657 0.67061 0.74206 0.12
r 0.52959 0.40370 0.49583 0.74294 0.64959 0.52370 0.61583 0.86294 0.12
r 0.67461 0.53403 0.46913 0.49191 0.83461 0.69403 0.62913 0.65191 0.16
r 0.52366 0.44313 0.43486 0.50788 0.60366 0.52312 0.51486 0.58787 0.08
r 0.58551 0.59597 0.49104 0.45121 0.70552 0.71597 0.61103 0.57121 0.12
r 0.49755 0.57488 0.72309 0.35575 0.53755 0.61488 0.76309 0.39575 0.04
r 0.41576 0.75542 0.60738 0.52056 0.53576 0.87542 0.72738 0.64056 0.12
r 0.56621 0.43387 0.72274 0.52673 0.64621 0.51387 0.80274 0.60673 0.08
r 0.50691 0.43198 0.44568 0.61805 0.54691 0.47198 0.48568 0.65805 0.04
r 0.50697 0.38536 0.53482 0.61354 0.62698 0.50536 0.65482 0.73354 0.12
r 0.28056 0.62760 0.41811 0.58581 0.32056 0.66760 0.45811 0.62581 0.04
r 0.45372 0.49471 0.74298 0.54187 0.57372 0.61471 0.86298 0.66187 0.12
r 0.49442 0.53153 0.33252 0.34306 0.65442 0.69153 0.49252 0.50306 0.16
r 0.65549 0.51393 0.44571 0.57922 0.81549 0.67393 0.60571 0.73923 0.16
r 0.45189 0.70506 0.65763 0.55766 0.61189 0.86505 0.81763 0.71766 0.16
r 0.49801 0.48584 0.41332 0.43962 0.53801 0.52584 0.45332 0.47962 0.04
r 0.53472 0.54034 0.58880 0.53667 0.57472 0.58034 0.62880 0.57667 0.04
r 0.48068 0.53665 0.38951 0.39855 0.52068 0.57665 0.42951 0.43855 0.04
r 0.46535 0.43504 0.53403 0.60060 0.58535 0.55504 0.65403 0.72060 0.12
r 0.44039 0.55573 0.44885 0.51868 0.52039 0.63573 0.52885 0.59868 0.08
r 0.53558 0.60306 0.42809 0.53546 0.57558 0.64306 0.46809 0.57546 0.04
r 0.49366 0.63827 0.52348 0.54544 0.61366 0.75827 0.64348 0.66544 0.12
r 0.38859 0.42912 0.47248 0.41795 0.46859 0.50912 0.55248 0.49795 0.08
r 0.35949 0.45240 0.38334 0.48947 0.43949 0.53240 0.46334 0.56947 0.08
r 0.44991 0.66767 0.46460 0.39307 0.52991 0.74767 0.54460 0.47307 0.08
r 0.55502 0.56956 0.34452 0.48147 0.59502 0.60956 0.38452 0.52147 0.04
r 0.46962 0.63947 0.55851 0.52303 0.50962 0.67947 0.59851 0.56303 0.04
r 0.56729 0.53259 0.77092 0.33691 0.72729 0.69259 0.93092 0.49691 0.16
r 0.62208 0.53421 0.59097 0.56864 0.74208 0.65421 0.71097 0.68864 0.12
r 0.59058 0.51281 0.61464 0.70881 0.63058 0.55281 0.65464 0.74881 0.04
r 0.50126 0.40603 0.60499 0.48157 0.66126 0.56603 0.76499 0.64157 0.16
r 0.37841 0.55528 0.51323 0.49814 0.53841 0.71528 0.67323 0.65814 0.16
r 0.68022 0.42475 0.59295 0.41376 0.80022 0.54475 0.71295 0.53376 0.12
r 0.54222 0.46846 0.34706 0.55706 0.70222 0.62847 0.50706 0.71706 0.16
r 0.52350 0.47178 0.49953 0.60636 0.68350 0.63178 0.65953 0.76636 0.16
r 0.47694 0.56793 0.37524 0.58386 0.63694 0.72793 0.53524 0.74386 0.16
r 0.47825 0.37536 0.48094 0.38449 0.51825 0.41536 0.52094 0.42449 0.04
r 0.40100 0.62450 0.51263 0.57002 0.56100 0.78450 0.67263 0.73002 0.16
r 0.57751 0.58395 0.47934 0.63799 0.69751 0.70394 0.59934 0.75799 0.12
r 0.52172 0.50585 0.52876 0.42378 0.60172 0.58585 0.60876 0.50378 0.08
r 0.47066 0.47786 0.58134 0.52479 0.51066 0.51786 0.62134 0.56479 0.04
r 0.54983 0.61817 0.49528 0.44019 0.58983 0.65817 0.53528 0.48019 0.04
r 0.62283 0.51465 0.63881 0.46443 0.66283 0.55465 0.67881 0.50443 0.04
r 0.57001 0.41547 0.35907 0.48061 0.65001 0.49547 0.43906 0.56062 0.08
r 0.46016 0.63375 0.37614 0.47439 0.50016 0.67375 0.41614 0.51439 0.04
r 0.38681 0.67888 0.46743 0.47906 0.50681 0.79888 0.58743 0.59906 0.12
r 0.37059 0.72503 0.48675 0.59166 0.53059 0.88503 0.64675 0.75166 0.16
r 0.60954 0.46711 0.61567 0.42796 0.68954 0.54711 0.69567 0.50796 0.08
r 0.67723 0.41763 0.49676 0.49554 0.83723 0.57763 0.65675 0.65554 0.16
r 0.62559 0.34186 0.47735 0.54539 0.78559 0.50186 0.63735 0.70539 0.16
r 0.58970 0.48171 0.50594 0.50433 0.62970 0.52171 0.54594 0.54433 0.04
r 0.41472 0.59495 0.57261 0.59136 0.45472 0.63495 0.61261 0.63136 0.04
r 0.52029 0.52443 0.50934 0.66590 0.60029 0.60443 0.58934 0.74590 0.08
r 0.74722 0.37455 0.33011 0.51456 0.86722 0.49455 0.45011 0.63456 0.12
r 0.65948 0.49161 0.41503 0.53329 0.73948 0.57161 0.49503 0.61329 0.08
r 0.61975 0.62393 0.48478 0.35115 0.69975 0.70393 0.56478 0.43115 0.08
r 0.57143 0.66802 0.67681 0.69314 0.61143 0.70802 0.71681 0.73314 0.04
r 0.47945 0.50102 0.44043 0.35812 0.55945 0.58102 0.52043 0.43812 0.08
r 0.37886 0.60098 0.40709 0.52408 0.41886 0.64098 0.44709 0.56407 0.04
r 0.49929 0.72106 0.48139 0.54548 0.61929 0.84106 0.60139 0.66548 0.12
r 0.56900 0.51435 0.70222 0.43093 0.60900 0.55435 0.74222 0.47093 0.04
r 0.62427 0.36344 0.21327 0.44326 0.70427 0.44344 0.29327 0.52326 0.08
r 0.39197 0.69894 0.39149 0.48292 0.47197 0.77894 0.47149 0.56292 0.08
r 0.34120 0.58997 0.52281 0.31262 0.42120 0.66997 0.60281 0.39261 0.08
r 0.58908 0.33241 0.58475 0.55941 0.74908 0.49241 0.74475 0.71941 0.16
r 0.46683 0.24411 0.57787 0.52317 0.50683 0.28411 0.61787 0.56317 0.04
r 0.44419 0.63925 0.61491 0.58285 0.56419 0.75925 0.73491 0.70284 0.12
r 0.55527 0.50893 0.67686 0.63453 0.71527 0.66893 0.83686 0.79453 0.16
r 0.33575 0.47220 0.44480 0.70479 0.41575 0.55220 0.52480 0.78479 0.08
r 0.57334 0.58275 0.86677 0.58192 0.61334 0.62275 0.90677 0.62192 0.04
r 0.37919 0.58411 0.56217 0.53816 0.45919 0.66411 0.64217 0.61816 0.08
r 0.28043 0.31133 0.35072 0.57166 0.40043 0.43133 0.47072 0.69166 0.12
r 0.34334 0.53379 0.56601 0.49996 0.46334 0.65378 0.68601 0.61996 0.12
r 0.55195 0.32388 0.64644 0.52683 0.63195 0.40388 0.72644 0.60683 0.08
r 0.77024 0.49758 0.34283 0.45566 0.89024 0.61758 0.46283 0.57566 0.12
r 0.40992 0.55479 0.50239 0.57259 0.48992 0.63479 0.58239 0.65259 0.08
r 0.41064 0.57664 0.36199 0.43585 0.53064 0.69664 0.48199 0.55585 0.12
r 0.48959 0.60125 0.61230 0.40425 0.60959 0.72125 0.73230 0.52425 0.12
